,,high,low,adjclose,volume
DE,2012-01-03,79.98999786376953,78.83999633789062,66.45225524902344,3317300.0
DE,2012-01-04,81.0999984741211,79.12999725341797,67.42417907714844,4381900.0
DE,2012-01-05,81.75,80.12000274658203,68.40450286865234,3498500.0
DE,2012-01-06,82.56999969482422,81.13999938964844,68.95751190185547,3839500.0
DE,2012-01-09,82.97000122070312,82.22000122070312,69.31781005859375,3501300.0
DE,2012-01-10,84.0,82.63999938964844,70.17243957519531,4850400.0
DE,2012-01-11,84.66000366210938,83.11000061035156,70.80086517333984,3591400.0
DE,2012-01-12,84.8499984741211,82.66000366210938,70.75057220458984,4715900.0
DE,2012-01-13,84.81999969482422,83.16999816894531,70.9349136352539,3036100.0
DE,2012-01-17,85.63999938964844,84.73999786376953,71.14437866210938,3729300.0
DE,2012-01-18,86.22000122070312,84.31999969482422,72.24200439453125,3322500.0
DE,2012-01-19,87.12999725341797,85.66999816894531,72.84529113769531,3736700.0
DE,2012-01-20,87.08999633789062,86.4000015258789,72.9290771484375,2626800.0
DE,2012-01-23,87.9000015258789,86.68000030517578,72.81175994873047,4021500.0
DE,2012-01-24,86.61000061035156,84.4800033569336,72.40957641601562,5341700.0
DE,2012-01-25,87.9800033569336,85.4800033569336,73.5323257446289,5457100.0
DE,2012-01-26,88.88999938964844,87.37999725341797,73.44857025146484,5098800.0
DE,2012-01-27,88.33000183105469,87.08999633789062,73.72505950927734,3370200.0
DE,2012-01-30,87.5999984741211,86.33999633789062,73.23908996582031,3101700.0
DE,2012-01-31,88.19000244140625,85.37000274658203,72.18335723876953,4364400.0
DE,2012-02-01,87.5999984741211,86.5,72.82852935791016,2868400.0
DE,2012-02-02,87.93000030517578,86.76000213623047,73.24745178222656,2638000.0
DE,2012-02-03,88.9800033569336,87.91999816894531,74.06859588623047,4070800.0
DE,2012-02-06,88.19999694824219,87.12000274658203,73.58261108398438,2810700.0
DE,2012-02-07,88.12000274658203,86.79000091552734,73.68315124511719,2110900.0
DE,2012-02-08,88.75,87.86000061035156,74.15238189697266,3060800.0
DE,2012-02-09,88.94999694824219,87.66000366210938,73.67477416992188,3479100.0
DE,2012-02-10,87.58000183105469,86.37000274658203,73.35636901855469,2779300.0
DE,2012-02-13,88.97000122070312,88.0,74.30317687988281,3735500.0
DE,2012-02-14,89.69999694824219,87.9000015258789,74.61321258544922,4420900.0
DE,2012-02-15,87.63999938964844,84.04000091552734,70.61651611328125,11666300.0
DE,2012-02-16,84.26000213623047,82.5199966430664,69.63619232177734,9176600.0
DE,2012-02-17,84.12000274658203,83.2300033569336,70.27298736572266,4364400.0
DE,2012-02-21,84.75,83.77999877929688,70.54110717773438,3709300.0
DE,2012-02-22,85.02999877929688,84.05999755859375,70.69192504882812,2516200.0
DE,2012-02-23,84.41999816894531,83.44999694824219,70.46569061279297,2771900.0
DE,2012-02-24,84.4000015258789,83.08999633789062,69.77024841308594,2964000.0
DE,2012-02-27,83.83999633789062,82.19000244140625,69.87079620361328,2512600.0
DE,2012-02-28,84.0999984741211,83.18000030517578,69.820556640625,2515100.0
DE,2012-02-29,83.98999786376953,82.43000030517578,69.48536682128906,3176300.0
DE,2012-03-01,83.75,82.76000213623047,69.61105346679688,2905200.0
DE,2012-03-02,83.1500015258789,81.93000030517578,68.94076538085938,2674900.0
DE,2012-03-05,82.16999816894531,80.5199966430664,68.56371307373047,3946600.0
DE,2012-03-06,80.66999816894531,78.69000244140625,66.36846923828125,5799000.0
DE,2012-03-07,79.9800033569336,78.80000305175781,66.36846923828125,4118600.0
DE,2012-03-08,80.58999633789062,79.08999633789062,67.34879302978516,4843700.0
DE,2012-03-09,80.9000015258789,79.94999694824219,67.17282104492188,3542500.0
DE,2012-03-12,80.27999877929688,79.0,66.57791900634766,2878300.0
DE,2012-03-13,81.83000183105469,79.68000030517578,68.42124938964844,4713300.0
DE,2012-03-14,82.02999877929688,80.91999816894531,68.36260986328125,3493400.0
DE,2012-03-15,82.08999633789062,81.11000061035156,68.40450286865234,3251200.0
DE,2012-03-16,83.25,81.80999755859375,69.72835540771484,6215700.0
DE,2012-03-19,83.83999633789062,82.66000366210938,69.67809295654297,3044000.0
DE,2012-03-20,82.79000091552734,81.7699966430664,69.03292846679688,3169100.0
DE,2012-03-21,82.63999938964844,81.6500015258789,68.6977767944336,3777700.0
DE,2012-03-22,81.29000091552734,79.5999984741211,67.39068603515625,4120600.0
DE,2012-03-23,81.26000213623047,79.80999755859375,67.73422241210938,3047900.0
DE,2012-03-26,83.0,82.08999633789062,69.35971069335938,5006500.0
DE,2012-03-27,83.33999633789062,82.30999755859375,69.04129791259766,3750600.0
DE,2012-03-28,82.12000274658203,79.95999908447266,67.71001434326172,3994800.0
DE,2012-03-29,80.66999816894531,79.48999786376953,67.81956481933594,3636000.0
DE,2012-03-30,81.68000030517578,80.5,68.16499328613281,4211700.0
DE,2012-04-02,82.72000122070312,80.51000213623047,69.251953125,3509700.0
DE,2012-04-03,82.5,81.20999908447266,68.88119506835938,3251400.0
DE,2012-04-04,81.58000183105469,80.56999969482422,68.42617797851562,2958000.0
DE,2012-04-05,83.25,81.45999908447266,68.94862365722656,4210200.0
DE,2012-04-09,80.58000183105469,79.2699966430664,66.9432601928711,5828100.0
DE,2012-04-10,79.23999786376953,75.91999816894531,64.466064453125,8861700.0
DE,2012-04-11,78.33000183105469,77.0,65.34234619140625,5668800.0
DE,2012-04-12,79.69999694824219,77.80999755859375,66.8506088256836,3769200.0
DE,2012-04-13,80.13999938964844,78.86000061035156,66.96012115478516,3772500.0
DE,2012-04-16,80.48999786376953,78.91999816894531,67.04438018798828,3081600.0
DE,2012-04-17,81.25,79.83999633789062,68.16499328613281,2925300.0
DE,2012-04-18,81.56999969482422,80.5199966430664,68.19872283935547,3095600.0
DE,2012-04-19,81.5,79.5199966430664,67.7353286743164,2858800.0
DE,2012-04-20,81.37000274658203,80.5199966430664,68.1734390258789,3114900.0
DE,2012-04-23,80.16999816894531,79.02999877929688,67.39826965332031,3593300.0
DE,2012-04-24,81.20999908447266,80.0999984741211,68.2323989868164,2759200.0
DE,2012-04-25,81.9800033569336,81.08999633789062,68.62001037597656,3304000.0
DE,2012-04-26,82.37999725341797,81.0999984741211,69.34461975097656,2848300.0
DE,2012-04-27,83.13999938964844,82.0,69.84175109863281,2554000.0
DE,2012-04-30,82.97000122070312,81.9000015258789,69.39517974853516,2458800.0
DE,2012-05-01,83.9000015258789,82.26000213623047,70.22090911865234,3397100.0
DE,2012-05-02,83.47000122070312,82.33000183105469,70.29674530029297,2849400.0
DE,2012-05-03,83.91999816894531,82.18000030517578,69.50472259521484,2843000.0
DE,2012-05-04,82.06999969482422,80.1500015258789,67.98806762695312,3384100.0
DE,2012-05-07,80.80000305175781,79.55999755859375,67.59205627441406,2434700.0
DE,2012-05-08,80.68000030517578,78.66999816894531,67.86170196533203,3873200.0
DE,2012-05-09,79.69999694824219,78.26000213623047,66.60623931884766,4027500.0
DE,2012-05-10,80.33999633789062,78.87999725341797,66.5303955078125,3361700.0
DE,2012-05-11,79.75,78.25,66.62309265136719,3258600.0
DE,2012-05-14,78.44000244140625,76.86000061035156,65.15702056884766,4249500.0
DE,2012-05-15,77.83999633789062,76.11000061035156,64.55875396728516,4402300.0
DE,2012-05-16,76.7300033569336,74.05000305175781,62.502872467041016,8328500.0
DE,2012-05-17,74.9800033569336,71.86000061035156,61.48333740234375,6058400.0
DE,2012-05-18,74.5199966430664,72.95999908447266,61.66868591308594,4040900.0
DE,2012-05-21,75.7300033569336,73.55000305175781,63.4549674987793,3858200.0
DE,2012-05-22,76.02999877929688,74.44999694824219,63.13479995727539,3748600.0
DE,2012-05-23,76.1500015258789,73.44000244140625,63.994232177734375,3386900.0
DE,2012-05-24,76.6500015258789,74.5999984741211,63.75830078125,2775900.0
DE,2012-05-25,76.4000015258789,74.77999877929688,63.31175231933594,2534800.0
DE,2012-05-29,77.01000213623047,75.7300033569336,64.28070068359375,2924700.0
DE,2012-05-30,76.27999877929688,75.41000366210938,63.876258850097656,3531500.0
DE,2012-05-31,75.20999908447266,73.22000122070312,62.24165344238281,5148700.0
DE,2012-06-01,72.47000122070312,71.12999725341797,60.26156997680664,5336500.0
DE,2012-06-04,71.61000061035156,69.51000213623047,59.47798156738281,3767500.0
DE,2012-06-05,71.95999908447266,70.30999755859375,60.371116638183594,2903800.0
DE,2012-06-06,73.5199966430664,71.91999816894531,61.938316345214844,3188700.0
DE,2012-06-07,75.44000244140625,73.33000183105469,61.938316345214844,2951900.0
DE,2012-06-08,74.31999969482422,72.55999755859375,62.61238479614258,3574800.0
DE,2012-06-11,75.30999755859375,72.41999816894531,61.12100601196289,2896100.0
DE,2012-06-12,74.19000244140625,72.37999725341797,62.401737213134766,2626000.0
DE,2012-06-13,74.4000015258789,72.91000366210938,61.7360954284668,3021100.0
DE,2012-06-14,75.01000213623047,72.83000183105469,62.94942092895508,3646200.0
DE,2012-06-15,75.80999755859375,74.91000366210938,63.488685607910156,4118200.0
DE,2012-06-18,75.37000274658203,74.4000015258789,63.101078033447266,3479800.0
DE,2012-06-19,77.98999786376953,75.51000213623047,64.90420532226562,3782300.0
DE,2012-06-20,77.86000061035156,76.30000305175781,64.760986328125,3042500.0
DE,2012-06-21,77.6500015258789,74.94000244140625,63.244327545166016,2706500.0
DE,2012-06-22,76.16000366210938,75.02999877929688,63.640357971191406,3574000.0
DE,2012-06-25,75.11000061035156,73.75,62.69664764404297,3031000.0
DE,2012-06-26,76.37000274658203,74.43000030517578,64.03636932373047,4600100.0
DE,2012-06-27,78.38999938964844,75.94999694824219,66.1895523071289,5240700.0
DE,2012-06-28,78.72000122070312,76.95999908447266,66.3251724243164,4127400.0
DE,2012-06-29,80.87999725341797,79.41000366210938,68.5546646118164,4880500.0
DE,2012-07-02,81.05000305175781,79.91000366210938,68.1986312866211,3375800.0
DE,2012-07-03,81.72000122070312,80.41000366210938,69.27523803710938,1989400.0
DE,2012-07-05,82.45999908447266,80.80999755859375,69.49561309814453,2799900.0
DE,2012-07-06,81.0,80.0999984741211,68.4105453491211,2624000.0
DE,2012-07-09,80.69000244140625,79.62999725341797,68.26644134521484,2715200.0
DE,2012-07-10,81.4000015258789,78.08999633789062,66.63036346435547,4481000.0
DE,2012-07-11,79.05999755859375,77.56999969482422,66.25733947753906,4238400.0
DE,2012-07-12,78.8499984741211,77.0,66.34213256835938,3482200.0
DE,2012-07-13,78.2300033569336,76.3499984741211,65.68093872070312,5452900.0
DE,2012-07-16,77.48999786376953,75.33000183105469,65.0875244140625,3469400.0
DE,2012-07-17,76.76000213623047,74.13999938964844,64.37544250488281,6071500.0
DE,2012-07-18,75.94000244140625,74.8499984741211,64.13806915283203,4319300.0
DE,2012-07-19,76.12999725341797,75.0999984741211,64.16350555419922,3701400.0
DE,2012-07-20,76.61000061035156,74.94999694824219,64.32456970214844,3233000.0
DE,2012-07-23,75.73999786376953,74.16999816894531,63.70573806762695,2811700.0
DE,2012-07-24,75.33000183105469,73.2300033569336,62.62068176269531,3550400.0
DE,2012-07-25,75.05999755859375,72.8499984741211,62.502010345458984,3484400.0
DE,2012-07-26,75.37999725341797,73.86000061035156,63.60403060913086,3563200.0
DE,2012-07-27,78.87000274658203,75.2300033569336,66.20649719238281,5698000.0
DE,2012-07-30,79.1500015258789,77.16000366210938,65.54529571533203,3805000.0
DE,2012-07-31,78.26000213623047,76.61000061035156,65.12142944335938,3494700.0
DE,2012-08-01,80.79000091552734,76.5,65.72332000732422,11282500.0
DE,2012-08-02,78.0,75.75,64.77386474609375,3864300.0
DE,2012-08-03,78.20999908447266,77.2699966430664,65.70635986328125,3804900.0
DE,2012-08-06,78.98999786376953,77.56999969482422,66.48625183105469,2385600.0
DE,2012-08-07,79.69000244140625,78.69999694824219,66.94401550292969,2506400.0
DE,2012-08-08,79.8499984741211,78.33999633789062,67.1135482788086,2412700.0
DE,2012-08-09,79.16999816894531,78.25,66.69817352294922,2746400.0
DE,2012-08-10,79.4000015258789,77.37999725341797,67.2831039428711,5904100.0
DE,2012-08-13,80.31999969482422,79.22000122070312,67.61370849609375,3088600.0
DE,2012-08-14,80.38999938964844,79.83999633789062,67.92735290527344,3615100.0
DE,2012-08-15,76.13999938964844,73.75,63.66337203979492,18927300.0
DE,2012-08-16,75.54000091552734,74.30999755859375,64.01093292236328,9385700.0
DE,2012-08-17,77.0,76.06999969482422,65.22315216064453,5687200.0
DE,2012-08-20,77.9800033569336,76.55999755859375,66.02845764160156,4939700.0
DE,2012-08-21,79.0199966430664,77.33000183105469,65.82500457763672,4729500.0
DE,2012-08-22,77.66000366210938,76.61000061035156,65.29944610595703,3622200.0
DE,2012-08-23,76.76000213623047,75.8499984741211,64.52803039550781,3119100.0
DE,2012-08-24,77.0199966430664,75.44000244140625,64.99427032470703,3769300.0
DE,2012-08-27,76.94999694824219,75.12000274658203,63.807472229003906,4171600.0
DE,2012-08-28,74.94999694824219,73.7300033569336,62.56980514526367,7335200.0
DE,2012-08-29,74.4000015258789,73.13999938964844,63.00212860107422,4241400.0
DE,2012-08-30,74.8499984741211,73.80000305175781,63.18015670776367,3185300.0
DE,2012-08-31,75.63999938964844,74.37000274658203,63.67183303833008,3157600.0
DE,2012-09-04,75.08999633789062,73.62000274658203,62.83260726928711,3704300.0
DE,2012-09-05,75.0999984741211,73.7300033569336,63.42599105834961,3636800.0
DE,2012-09-06,77.08999633789062,75.2300033569336,65.30793762207031,4307200.0
DE,2012-09-07,78.94999694824219,77.08000183105469,66.3082275390625,4231500.0
DE,2012-09-10,78.1500015258789,77.0,65.43508911132812,3453100.0
DE,2012-09-11,78.55000305175781,77.16999816894531,66.33365631103516,3127100.0
DE,2012-09-12,79.0,78.2300033569336,66.79141998291016,3121000.0
DE,2012-09-13,80.66000366210938,78.4000015258789,68.13084411621094,4237000.0
DE,2012-09-14,82.08999633789062,80.54000091552734,69.5125961303711,5590800.0
DE,2012-09-17,82.1500015258789,80.70999908447266,68.68183135986328,3901800.0
DE,2012-09-18,81.54000091552734,80.80000305175781,68.92765045166016,3343500.0
DE,2012-09-19,82.22000122070312,81.05999755859375,69.49561309814453,2720900.0
DE,2012-09-20,82.58999633789062,80.94999694824219,69.75841522216797,3378600.0
DE,2012-09-21,83.04000091552734,81.70999908447266,70.10600280761719,4143800.0
DE,2012-09-24,83.44999694824219,82.44000244140625,70.31792449951172,4168800.0
DE,2012-09-25,83.4000015258789,81.52999877929688,69.21589660644531,4547000.0
DE,2012-09-26,81.79000091552734,80.33999633789062,69.4034423828125,3602400.0
DE,2012-09-27,82.4000015258789,81.4000015258789,69.99168395996094,2845600.0
DE,2012-09-28,83.1500015258789,81.61000061035156,70.3071060180664,4426900.0
DE,2012-10-01,83.6500015258789,82.30999755859375,70.41793823242188,3450500.0
DE,2012-10-02,83.12000274658203,81.97000122070312,70.09397888183594,4000500.0
DE,2012-10-03,82.2699966430664,81.23999786376953,69.8297119140625,3074600.0
DE,2012-10-04,82.93000030517578,81.79000091552734,70.61402130126953,2679000.0
DE,2012-10-05,83.75,82.5,70.57139587402344,2548600.0
DE,2012-10-08,82.91000366210938,81.94000244140625,70.56285858154297,1579400.0
DE,2012-10-09,83.01000213623047,81.62999725341797,69.67626190185547,3270200.0
DE,2012-10-10,81.72000122070312,79.75,69.21588134765625,5243900.0
DE,2012-10-11,82.98999786376953,81.8499984741211,70.22186279296875,3380300.0
DE,2012-10-12,82.87000274658203,81.93000030517578,70.28153991699219,2765200.0
DE,2012-10-15,83.37999725341797,82.43000030517578,70.95503997802734,1948000.0
DE,2012-10-16,84.63999938964844,83.5,72.08887481689453,2843000.0
DE,2012-10-17,85.97000122070312,84.70999908447266,73.1545181274414,3432300.0
DE,2012-10-18,87.12999725341797,85.44999694824219,74.04967498779297,4042000.0
DE,2012-10-19,86.44999694824219,84.76000213623047,72.45545959472656,3826700.0
DE,2012-10-22,86.2300033569336,84.7300033569336,73.22271728515625,2680100.0
DE,2012-10-23,85.30999755859375,84.18000030517578,72.48954772949219,2346400.0
DE,2012-10-24,85.30000305175781,84.16000366210938,71.875732421875,2179500.0
DE,2012-10-25,85.19999694824219,83.62000274658203,72.19970703125,2228100.0
DE,2012-10-26,85.87000274658203,84.19000244140625,72.8646469116211,2737000.0
DE,2012-10-31,86.38999938964844,84.81999969482422,72.8390884399414,2415800.0
DE,2012-11-01,87.19999694824219,84.86000061035156,74.05818176269531,2812300.0
DE,2012-11-02,87.5,85.55000305175781,72.97547149658203,2566700.0
DE,2012-11-05,86.04000091552734,84.2300033569336,73.22271728515625,1516900.0
DE,2012-11-06,86.91000366210938,85.98999786376953,73.40174102783203,2201600.0
DE,2012-11-07,85.77999877929688,83.5,71.72229766845703,3135100.0
DE,2012-11-08,84.87000274658203,83.4800033569336,71.26193237304688,2673800.0
DE,2012-11-09,84.81999969482422,83.0,71.85868835449219,2485600.0
DE,2012-11-12,86.5,84.23999786376953,73.04368591308594,2560400.0
DE,2012-11-13,86.9000015258789,85.01000213623047,73.0522232055664,3389300.0
DE,2012-11-14,86.36000061035156,84.55999755859375,72.24234008789062,3199300.0
DE,2012-11-15,85.76000213623047,84.58000183105469,72.79647064208984,3134400.0
DE,2012-11-16,85.8499984741211,84.43000030517578,72.67711639404297,3781600.0
DE,2012-11-19,86.66000366210938,85.8499984741211,73.52960968017578,3886300.0
DE,2012-11-20,86.48999786376953,85.16000366210938,73.3079833984375,4556600.0
DE,2012-11-21,84.33000183105469,82.05999755859375,70.61402130126953,10601600.0
DE,2012-11-23,84.12000274658203,83.3499984741211,71.58589172363281,2198700.0
DE,2012-11-26,84.55999755859375,83.25,72.00361633300781,3609200.0
DE,2012-11-27,85.25,84.1500015258789,71.95247650146484,3188500.0
DE,2012-11-28,84.5199966430664,83.43000030517578,71.8416519165039,2886800.0
DE,2012-11-29,84.98999786376953,84.20999908447266,72.34461975097656,2069800.0
DE,2012-11-30,85.0,83.77999877929688,71.65409851074219,2706400.0
DE,2012-12-03,84.69999694824219,83.0999984741211,70.94648742675781,2090100.0
DE,2012-12-04,83.8499984741211,82.94999694824219,71.18521881103516,2870100.0
DE,2012-12-05,84.69999694824219,83.37999725341797,71.8160629272461,3010400.0
DE,2012-12-06,84.87000274658203,83.91000366210938,72.23379516601562,1999200.0
DE,2012-12-07,85.48999786376953,84.66999816894531,72.83058166503906,2805800.0
DE,2012-12-10,85.94000244140625,84.9000015258789,73.12893676757812,3094700.0
DE,2012-12-11,86.19999694824219,84.94000244140625,72.83058166503906,3098300.0
DE,2012-12-12,86.94999694824219,85.70999908447266,73.52960968017578,2900900.0
DE,2012-12-13,86.19999694824219,85.08000183105469,72.932861328125,2511800.0
DE,2012-12-14,86.69000244140625,85.5,73.25682067871094,2241300.0
DE,2012-12-17,86.4800033569336,85.70999908447266,73.63192749023438,2289800.0
DE,2012-12-18,87.1500015258789,86.11000061035156,74.04967498779297,3281600.0
DE,2012-12-19,87.06999969482422,86.05999755859375,73.39322662353516,2627800.0
DE,2012-12-20,86.77999877929688,85.69000244140625,73.95587921142578,2179000.0
DE,2012-12-21,86.41999816894531,85.41000366210938,73.47847747802734,3403200.0
DE,2012-12-24,86.4000015258789,85.62999725341797,73.40174102783203,878000.0
DE,2012-12-26,87.20999908447266,86.16000366210938,73.75980377197266,2000700.0
DE,2012-12-27,86.80000305175781,85.0,73.65695190429688,1760000.0
DE,2012-12-28,85.56999969482422,84.48999786376953,72.46561431884766,1662400.0
DE,2012-12-31,86.5,84.30000305175781,74.06837463378906,2093700.0
DE,2013-01-02,88.29000091552734,87.19999694824219,75.41397094726562,3479400.0
DE,2013-01-03,88.66000366210938,87.5199966430664,75.22540283203125,2377900.0
DE,2013-01-04,89.12000274658203,88.0999984741211,75.99676513671875,2696300.0
DE,2013-01-07,88.79000091552734,88.0999984741211,75.9367904663086,1859400.0
DE,2013-01-08,88.87999725341797,87.20999908447266,75.14827728271484,2173700.0
DE,2013-01-09,89.29000091552734,87.9800033569336,76.3310317993164,2569200.0
DE,2013-01-10,89.93000030517578,88.80000305175781,77.0595474243164,2364800.0
DE,2013-01-11,90.63999938964844,89.5199966430664,76.81098937988281,3284900.0
DE,2013-01-14,91.0,89.44999694824219,77.01669311523438,2169000.0
DE,2013-01-15,90.0,89.30000305175781,76.9052734375,1736100.0
DE,2013-01-16,89.93000030517578,89.27999877929688,76.75956726074219,1483700.0
DE,2013-01-17,90.23999786376953,89.69000244140625,77.2223892211914,2029000.0
DE,2013-01-18,90.95999908447266,89.95999908447266,77.95946502685547,3189600.0
DE,2013-01-22,92.83999633789062,90.95999908447266,79.41649627685547,4206500.0
DE,2013-01-23,92.88999938964844,91.9000015258789,79.51077270507812,2594000.0
DE,2013-01-24,93.69999694824219,92.36000061035156,79.91360473632812,2820500.0
DE,2013-01-25,93.77999877929688,92.8499984741211,80.11073303222656,2805200.0
DE,2013-01-28,94.0,93.01000213623047,80.556396484375,2608400.0
DE,2013-01-29,95.0999984741211,93.77999877929688,81.46490478515625,2896200.0
DE,2013-01-30,95.5999984741211,94.5,81.37063598632812,3040500.0
DE,2013-01-31,94.88999938964844,93.87999725341797,80.61640167236328,3276700.0
DE,2013-02-01,95.11000061035156,94.4800033569336,81.12207794189453,2564400.0
DE,2013-02-04,94.12000274658203,93.05999755859375,79.83644104003906,2593400.0
DE,2013-02-05,94.08999633789062,93.26000213623047,80.04216766357422,2358500.0
DE,2013-02-06,93.37999725341797,92.41999816894531,79.44218444824219,2537100.0
DE,2013-02-07,93.05000305175781,91.5,78.99652862548828,2365600.0
DE,2013-02-08,92.98999786376953,91.76000213623047,79.54505920410156,1607000.0
DE,2013-02-11,93.44999694824219,92.62999725341797,79.90503692626953,1769000.0
DE,2013-02-12,94.01000213623047,92.87000274658203,80.53925323486328,3186400.0
DE,2013-02-13,93.9000015258789,90.5199966430664,77.719482421875,8046200.0
DE,2013-02-14,91.44000244140625,90.13999938964844,77.62520599365234,3178400.0
DE,2013-02-15,90.77999877929688,89.5199966430664,76.92240142822266,5019500.0
DE,2013-02-19,90.6500015258789,89.55000305175781,77.45380401611328,3394900.0
DE,2013-02-20,90.37999725341797,88.1500015258789,75.61966705322266,4206200.0
DE,2013-02-21,87.77999877929688,86.08999633789062,74.61688995361328,4729300.0
DE,2013-02-22,88.29000091552734,86.76000213623047,74.67687225341797,3627600.0
DE,2013-02-25,88.76000213623047,85.43000030517578,73.32270050048828,3419000.0
DE,2013-02-26,87.12999725341797,85.69000244140625,74.1369400024414,2876400.0
DE,2013-02-27,88.11000061035156,86.12999725341797,75.26824951171875,2596700.0
DE,2013-02-28,88.3499984741211,87.66000366210938,75.27680969238281,2894400.0
DE,2013-03-01,88.36000061035156,86.37000274658203,75.3282699584961,2798700.0
DE,2013-03-04,87.98999786376953,86.91999816894531,75.3968276977539,2603700.0
DE,2013-03-05,90.63999938964844,89.04000091552734,77.23095703125,4610300.0
DE,2013-03-06,91.05000305175781,89.01000213623047,76.51101684570312,2885400.0
DE,2013-03-07,90.30999755859375,89.44000244140625,76.93954467773438,2185500.0
DE,2013-03-08,91.1500015258789,89.9800033569336,77.8908920288086,3437600.0
DE,2013-03-11,91.5,90.44000244140625,78.37089538574219,2061400.0
DE,2013-03-12,91.69999694824219,90.62000274658203,77.86518859863281,1883000.0
DE,2013-03-13,91.38999938964844,90.19000244140625,78.28515625,1892200.0
DE,2013-03-14,92.4000015258789,91.30000305175781,79.022216796875,2619100.0
DE,2013-03-15,92.5,91.5999984741211,79.05651092529297,3510600.0
DE,2013-03-18,92.1500015258789,91.0,78.6965560913086,1966400.0
DE,2013-03-19,91.62000274658203,89.93000030517578,77.62520599365234,3684300.0
DE,2013-03-20,89.3499984741211,87.13999938964844,75.19969940185547,6174000.0
DE,2013-03-21,87.97000122070312,86.6500015258789,74.47117614746094,2853300.0
DE,2013-03-22,88.38999938964844,87.31999969482422,75.18254089355469,2693600.0
DE,2013-03-25,88.4000015258789,86.43000030517578,74.46261596679688,2928300.0
DE,2013-03-26,87.30999755859375,86.26000213623047,75.22991180419922,2148300.0
DE,2013-03-27,87.5,86.4000015258789,75.39371490478516,2009900.0
DE,2013-03-28,87.81999969482422,85.1500015258789,74.12638092041016,5264200.0
DE,2013-04-01,86.19000244140625,84.87000274658203,73.35045623779297,2254800.0
DE,2013-04-02,85.41000366210938,83.69999694824219,72.45382690429688,3206300.0
DE,2013-04-03,85.27999877929688,83.83000183105469,73.10905456542969,4029300.0
DE,2013-04-04,86.05000305175781,84.75,73.8763656616211,3160400.0
DE,2013-04-05,85.80000305175781,84.41999816894531,73.86771392822266,3044900.0
DE,2013-04-08,86.70999908447266,85.72000122070312,74.55744934082031,2288400.0
DE,2013-04-09,87.18000030517578,86.13999938964844,74.72987365722656,1835000.0
DE,2013-04-10,87.37000274658203,86.4000015258789,75.09197998046875,2174600.0
DE,2013-04-11,87.77999877929688,86.80000305175781,75.50579833984375,1777100.0
DE,2013-04-12,87.4800033569336,85.62999725341797,74.26432037353516,1997300.0
DE,2013-04-15,85.55000305175781,82.91000366210938,71.51409912109375,3073100.0
DE,2013-04-16,84.68000030517578,83.04000091552734,71.71240234375,2820900.0
DE,2013-04-17,82.76000213623047,81.58000183105469,71.1778793334961,4601200.0
DE,2013-04-18,83.0999984741211,81.98999786376953,71.18647003173828,2763300.0
DE,2013-04-19,83.87000274658203,82.47000122070312,71.95378875732422,2236700.0
DE,2013-04-22,84.13999938964844,82.36000061035156,72.26416015625,2597000.0
DE,2013-04-23,85.20999908447266,84.0999984741211,73.09184265136719,2491400.0
DE,2013-04-24,85.81999969482422,84.70999908447266,73.38493347167969,2089700.0
DE,2013-04-25,86.83000183105469,85.47000122070312,74.16948699951172,2048000.0
DE,2013-04-26,86.29000091552734,85.41000366210938,73.70391845703125,1685800.0
DE,2013-04-29,89.66000366210938,85.69999694824219,76.5834732055664,4463500.0
DE,2013-04-30,90.0,88.87000274658203,76.98866271972656,3646300.0
DE,2013-05-01,89.0999984741211,87.5999984741211,75.66958618164062,2279600.0
DE,2013-05-02,89.83999633789062,87.87000274658203,77.1955795288086,2311300.0
DE,2013-05-03,91.5,90.29000091552734,78.05770874023438,2696100.0
DE,2013-05-06,91.45999908447266,89.80999755859375,78.56636810302734,1834700.0
DE,2013-05-07,91.73999786376953,90.98999786376953,79.08364868164062,1856500.0
DE,2013-05-08,92.62999725341797,91.36000061035156,79.61817169189453,2123300.0
DE,2013-05-09,92.76000213623047,91.75,79.4802474975586,1960200.0
DE,2013-05-10,92.7699966430664,91.1500015258789,79.5750732421875,2965200.0
DE,2013-05-13,92.98999786376953,92.12000274658203,79.81645202636719,2764000.0
DE,2013-05-14,93.87999725341797,92.29000091552734,80.84239959716797,3663100.0
DE,2013-05-15,90.5999984741211,88.55999755859375,77.28178405761719,11631900.0
DE,2013-05-16,90.33000183105469,89.05999755859375,77.06624603271484,4182600.0
DE,2013-05-17,88.7699966430664,86.52999877929688,74.9798812866211,7289000.0
DE,2013-05-20,88.41999816894531,86.75,75.9023666381836,4218900.0
DE,2013-05-21,88.25,87.19999694824219,75.51438903808594,3446500.0
DE,2013-05-22,87.88999938964844,86.0999984741211,74.85918426513672,6007900.0
DE,2013-05-23,87.52999877929688,85.6500015258789,75.16091918945312,3682900.0
DE,2013-05-24,86.77999877929688,85.81999969482422,74.39363098144531,2869700.0
DE,2013-05-28,87.6500015258789,86.30000305175781,74.43675231933594,3096100.0
DE,2013-05-29,87.62999725341797,85.95999908447266,75.3074951171875,3216500.0
DE,2013-05-30,88.12000274658203,87.25,75.35922241210938,2024000.0
DE,2013-05-31,88.47000122070312,87.11000061035156,75.1005859375,2829900.0
DE,2013-06-03,88.44000244140625,87.11000061035156,76.16963958740234,3371900.0
DE,2013-06-04,88.79000091552734,86.4800033569336,75.13507843017578,3254200.0
DE,2013-06-05,86.9800033569336,85.8499984741211,74.05741119384766,2442600.0
DE,2013-06-06,86.0999984741211,85.12000274658203,74.2212142944336,2910300.0
DE,2013-06-07,87.06999969482422,85.94999694824219,74.8419418334961,2983200.0
DE,2013-06-10,87.30999755859375,85.91000366210938,74.31603240966797,2504100.0
DE,2013-06-11,85.75,84.69000244140625,73.4883804321289,2463100.0
DE,2013-06-12,86.0199966430664,83.86000061035156,72.6952133178711,3266600.0
DE,2013-06-13,85.87000274658203,84.0199966430664,73.79877471923828,2160700.0
DE,2013-06-14,85.52999877929688,84.48999786376953,73.17803192138672,1991900.0
DE,2013-06-17,85.33000183105469,84.2300033569336,73.1176986694336,2674100.0
DE,2013-06-18,85.27999877929688,84.5199966430664,73.281494140625,2295200.0
DE,2013-06-19,86.19999694824219,85.0,73.35045623779297,2881600.0
DE,2013-06-20,84.36000061035156,82.62999725341797,71.46236419677734,4365200.0
DE,2013-06-21,83.69999694824219,81.7300033569336,71.10027313232422,4798300.0
DE,2013-06-24,81.4000015258789,79.5,69.83295440673828,5733800.0
DE,2013-06-25,82.61000061035156,81.55000305175781,71.08305358886719,4159100.0
DE,2013-06-26,82.63999938964844,81.8499984741211,71.26524353027344,2822200.0
DE,2013-06-27,83.1500015258789,82.22000122070312,71.95921325683594,2564400.0
DE,2013-06-28,83.5,81.23999786376953,70.48446655273438,5233000.0
DE,2013-07-01,82.16000366210938,81.02999877929688,70.53651428222656,2984100.0
DE,2013-07-02,81.97000122070312,80.51000213623047,70.18083953857422,2209200.0
DE,2013-07-03,81.5,80.55999755859375,70.25891876220703,1195300.0
DE,2013-07-05,81.83999633789062,80.56999969482422,70.64928436279297,1338200.0
DE,2013-07-08,82.02999877929688,81.25,70.57121276855469,2091700.0
DE,2013-07-09,84.36000061035156,81.41000366210938,72.79200744628906,5978500.0
DE,2013-07-10,84.0,82.5199966430664,71.88980865478516,3156100.0
DE,2013-07-11,84.55999755859375,83.0999984741211,73.08696746826172,2945600.0
DE,2013-07-12,84.25,83.31999969482422,72.81803894042969,3067500.0
DE,2013-07-15,84.55999755859375,83.83000183105469,73.23445892333984,1623700.0
DE,2013-07-16,85.19000244140625,83.91999816894531,72.83538818359375,3051400.0
DE,2013-07-17,84.75,82.4000015258789,72.5230941772461,3825800.0
DE,2013-07-18,84.27999877929688,83.47000122070312,72.57513427734375,1897200.0
DE,2013-07-19,84.25,83.30000305175781,72.91346740722656,2487600.0
DE,2013-07-22,85.19000244140625,84.27999877929688,73.54676055908203,2772600.0
DE,2013-07-23,85.5,83.87000274658203,72.7833251953125,2838000.0
DE,2013-07-24,84.05999755859375,82.4000015258789,71.64690399169922,3685700.0
DE,2013-07-25,83.04000091552734,81.66000366210938,71.91582489013672,4132600.0
DE,2013-07-26,82.91999816894531,82.2699966430664,71.83775329589844,1960900.0
DE,2013-07-29,83.43000030517578,82.6500015258789,72.01995086669922,1815500.0
DE,2013-07-30,83.0999984741211,81.36000061035156,71.98524475097656,4000900.0
DE,2013-07-31,84.83999633789062,83.01000213623047,72.06332397460938,3795600.0
DE,2013-08-01,83.8499984741211,82.51000213623047,72.04598236083984,3486500.0
DE,2013-08-02,83.69999694824219,82.93000030517578,72.34959411621094,2411200.0
DE,2013-08-05,83.4800033569336,82.66999816894531,71.82909393310547,3038600.0
DE,2013-08-06,82.51000213623047,81.08999633789062,70.44107818603516,4814100.0
DE,2013-08-07,81.5199966430664,80.6500015258789,70.25891876220703,3178200.0
DE,2013-08-08,82.6500015258789,81.30999755859375,71.4126968383789,3413300.0
DE,2013-08-09,82.0999984741211,80.5,70.90955352783203,4649900.0
DE,2013-08-12,83.62999725341797,81.3499984741211,72.33224487304688,5020300.0
DE,2013-08-13,84.58999633789062,83.68000030517578,72.79200744628906,4346300.0
DE,2013-08-14,84.19000244140625,81.5,71.43003845214844,8433400.0
DE,2013-08-15,84.6500015258789,81.0,73.18240356445312,7705500.0
DE,2013-08-16,84.5,83.7699966430664,72.96550750732422,4293900.0
DE,2013-08-19,85.06999969482422,83.93000030517578,73.3211898803711,4178800.0
DE,2013-08-20,84.5199966430664,83.19999694824219,72.21947479248047,3408500.0
DE,2013-08-21,83.19999694824219,82.41000366210938,71.57750701904297,2766700.0
DE,2013-08-22,83.9000015258789,82.7699966430664,72.21947479248047,3214700.0
DE,2013-08-23,83.5999984741211,82.69999694824219,72.43635559082031,2467700.0
DE,2013-08-26,85.68000030517578,83.87000274658203,73.53807830810547,3970600.0
DE,2013-08-27,84.91000366210938,83.41000366210938,72.41899108886719,2933200.0
DE,2013-08-28,84.5999984741211,83.36000061035156,72.97420501708984,2708200.0
DE,2013-08-29,84.62999725341797,83.58000183105469,72.69660186767578,1889300.0
DE,2013-08-30,84.01000213623047,83.37000274658203,72.55778503417969,2055700.0
DE,2013-09-03,84.75,83.44000244140625,72.9221420288086,2473700.0
DE,2013-09-04,84.93000030517578,84.0,73.28650665283203,2243700.0
DE,2013-09-05,84.0199966430664,82.4800033569336,71.61219787597656,4033400.0
DE,2013-09-06,83.38999938964844,82.1500015258789,71.66426086425781,2743000.0
DE,2013-09-09,84.5,83.0,72.76598358154297,2546200.0
DE,2013-09-10,84.91999816894531,84.11000061035156,73.0262451171875,2276400.0
DE,2013-09-11,84.68000030517578,83.66999816894531,73.1390151977539,2080200.0
DE,2013-09-12,84.31999969482422,82.9800033569336,72.16741180419922,3904100.0
DE,2013-09-13,83.5199966430664,82.44999694824219,71.56016540527344,3948400.0
DE,2013-09-16,83.76000213623047,83.0199966430664,72.4710464477539,3664400.0
DE,2013-09-17,83.93000030517578,83.4800033569336,72.6185302734375,1556500.0
DE,2013-09-18,84.77999877929688,83.12000274658203,73.31251525878906,2913200.0
DE,2013-09-19,85.33999633789062,84.66999816894531,73.82434844970703,2082900.0
DE,2013-09-20,85.18000030517578,83.62999725341797,72.71394348144531,3797400.0
DE,2013-09-23,84.18000030517578,83.38999938964844,72.87877655029297,2274000.0
DE,2013-09-24,84.87000274658203,83.83999633789062,73.09564971923828,2197100.0
DE,2013-09-25,85.2300033569336,84.2699966430664,73.42530059814453,2575600.0
DE,2013-09-26,84.72000122070312,82.68000030517578,72.5089111328125,3392800.0
DE,2013-09-27,83.11000061035156,81.91999816894531,71.88925170898438,3267600.0
DE,2013-09-30,82.48999786376953,81.19000244140625,71.03392791748047,3863100.0
DE,2013-10-01,82.37999725341797,81.19000244140625,71.75830078125,2952500.0
DE,2013-10-02,82.70999908447266,81.69999694824219,71.82813262939453,2505600.0
DE,2013-10-03,82.66999816894531,81.9000015258789,71.64485168457031,3410400.0
DE,2013-10-04,82.69000244140625,81.9000015258789,72.04631805419922,3081700.0
DE,2013-10-07,82.86000061035156,81.94000244140625,71.96778869628906,1833100.0
DE,2013-10-08,83.38999938964844,82.18000030517578,71.74958801269531,2396500.0
DE,2013-10-09,83.36000061035156,82.08000183105469,72.08998107910156,2980200.0
DE,2013-10-10,83.44999694824219,82.33000183105469,72.36924743652344,3613500.0
DE,2013-10-11,82.79000091552734,81.9000015258789,71.83686065673828,3833000.0
DE,2013-10-14,83.23999786376953,81.73999786376953,72.5263442993164,3603100.0
DE,2013-10-15,83.70999908447266,82.16000366210938,71.88050079345703,3040100.0
DE,2013-10-16,83.12999725341797,82.41999816894531,72.41289520263672,2739300.0
DE,2013-10-17,83.97000122070312,82.77999877929688,73.00637817382812,2234100.0
DE,2013-10-18,84.52999877929688,83.44999694824219,73.4776611328125,2804100.0
DE,2013-10-21,84.56999969482422,83.80000305175781,73.460205078125,2027700.0
DE,2013-10-22,84.75,84.16000366210938,73.78311920166016,2388800.0
DE,2013-10-23,84.5,83.36000061035156,73.38165283203125,2568600.0
DE,2013-10-24,84.55000305175781,83.83000183105469,73.55619812011719,1613500.0
DE,2013-10-25,84.0,82.88999938964844,72.91909790039062,2768800.0
DE,2013-10-28,84.01000213623047,83.30000305175781,72.84927368164062,1883100.0
DE,2013-10-29,83.3499984741211,82.30000305175781,72.13358306884766,3025900.0
DE,2013-10-30,82.95999908447266,82.06999969482422,71.74958801269531,2992000.0
DE,2013-10-31,82.98999786376953,81.83999633789062,71.42668914794922,2893700.0
DE,2013-11-01,81.91999816894531,81.27999877929688,71.2520980834961,3165900.0
DE,2013-11-04,82.2300033569336,81.5999984741211,71.3830337524414,2256700.0
DE,2013-11-05,82.0999984741211,81.37999725341797,71.39176177978516,2484600.0
DE,2013-11-06,82.38999938964844,81.7699966430664,71.39176177978516,3769600.0
DE,2013-11-07,82.29000091552734,81.47000122070312,71.18229675292969,3579300.0
DE,2013-11-08,82.18000030517578,80.76000213623047,71.12993621826172,5590800.0
DE,2013-11-11,82.05000305175781,81.33000183105469,71.4441146850586,2561100.0
DE,2013-11-12,82.18000030517578,81.48999786376953,71.67105102539062,2618600.0
DE,2013-11-13,82.86000061035156,81.58000183105469,72.29942321777344,2382000.0
DE,2013-11-14,83.25,82.47000122070312,72.30816650390625,2447600.0
DE,2013-11-15,83.41000366210938,82.79000091552734,72.29071044921875,4738700.0
DE,2013-11-18,84.3499984741211,83.01000213623047,73.01509094238281,4488000.0
DE,2013-11-19,83.44999694824219,82.0199966430664,72.27323913574219,5361700.0
DE,2013-11-20,85.48999786376953,84.18000030517578,73.76565551757812,8696700.0
DE,2013-11-21,84.80000305175781,83.20999908447266,73.18090057373047,4858700.0
DE,2013-11-22,85.08000183105469,83.70999908447266,73.9838638305664,3526300.0
DE,2013-11-25,85.13999938964844,84.30000305175781,73.90530395507812,2618600.0
DE,2013-11-26,84.88999938964844,83.80999755859375,73.17218017578125,2205300.0
DE,2013-11-27,85.0,83.69999694824219,73.13729858398438,1584500.0
DE,2013-11-29,84.58999633789062,83.91999816894531,73.52127075195312,1264200.0
DE,2013-12-02,84.43000030517578,83.73999786376953,73.19837188720703,2083600.0
DE,2013-12-03,83.55999755859375,82.19999694824219,72.18595886230469,2528800.0
DE,2013-12-04,86.72000122070312,82.30999755859375,74.5162353515625,11464400.0
DE,2013-12-05,85.52999877929688,84.43000030517578,74.06242370605469,3427800.0
DE,2013-12-06,85.8499984741211,84.93000030517578,74.46387481689453,2583800.0
DE,2013-12-09,87.41000366210938,85.75,76.10464477539062,4939400.0
DE,2013-12-10,88.88999938964844,87.26000213623047,76.83776092529297,5907900.0
DE,2013-12-11,87.9000015258789,87.0199966430664,76.17448425292969,3873100.0
DE,2013-12-12,87.56999969482422,86.6500015258789,75.79047393798828,2497500.0
DE,2013-12-13,87.52999877929688,86.73999786376953,76.08721923828125,2353200.0
DE,2013-12-16,89.19000244140625,87.58000183105469,77.56216430664062,4249700.0
DE,2013-12-17,89.08000183105469,88.16999816894531,77.06470489501953,3097800.0
DE,2013-12-18,89.47000122070312,88.02999877929688,78.03346252441406,3559400.0
DE,2013-12-19,89.58999633789062,88.81999969482422,78.03346252441406,2517800.0
DE,2013-12-20,90.19000244140625,89.54000091552734,78.61820983886719,4404800.0
DE,2013-12-23,90.8499984741211,90.0999984741211,79.10697174072266,2271900.0
DE,2013-12-24,91.36000061035156,90.68000030517578,79.2989730834961,1051300.0
DE,2013-12-26,91.58000183105469,90.87999725341797,79.5259017944336,1971500.0
DE,2013-12-27,91.20999908447266,90.36000061035156,79.60486602783203,2014000.0
DE,2013-12-30,91.0199966430664,90.51000213623047,79.71018981933594,1659100.0
DE,2013-12-31,91.48999786376953,90.69999694824219,80.15780639648438,1850900.0
DE,2014-01-02,91.30000305175781,90.12999725341797,79.21869659423828,2462000.0
DE,2014-01-03,91.25,90.0999984741211,79.56974792480469,2419600.0
DE,2014-01-06,91.19999694824219,89.5,78.91150665283203,2914500.0
DE,2014-01-07,90.80000305175781,89.9000015258789,79.26258087158203,2293500.0
DE,2014-01-08,90.19999694824219,89.06999969482422,78.41124725341797,2901400.0
DE,2014-01-09,89.94000244140625,88.43000030517578,78.09527587890625,3136500.0
DE,2014-01-10,89.9000015258789,88.66000366210938,78.77986145019531,3681900.0
DE,2014-01-13,90.87999725341797,89.44000244140625,78.56043243408203,2812100.0
DE,2014-01-14,90.55999755859375,89.30999755859375,78.72721099853516,3467800.0
DE,2014-01-15,90.51000213623047,89.69999694824219,78.81497192382812,4435500.0
DE,2014-01-16,90.25,89.55999755859375,78.84130859375,2436000.0
DE,2014-01-17,90.12999725341797,89.33999633789062,78.4200210571289,3241600.0
DE,2014-01-21,89.9000015258789,88.76000213623047,78.44632720947266,2277500.0
DE,2014-01-22,89.62999725341797,88.45999908447266,77.81443786621094,2269300.0
DE,2014-01-23,88.7300033569336,87.70999908447266,77.12982940673828,2719100.0
DE,2014-01-24,87.68000030517578,85.29000091552734,75.08485412597656,4671300.0
DE,2014-01-27,86.80000305175781,85.58000183105469,75.48858642578125,3365500.0
DE,2014-01-28,86.94000244140625,86.01000213623047,75.99764251708984,2097800.0
DE,2014-01-29,86.66999816894531,85.61000061035156,75.41838836669922,2400100.0
DE,2014-01-30,86.80000305175781,85.30000305175781,75.98885345458984,1997600.0
DE,2014-01-31,86.79000091552734,85.61000061035156,75.44471740722656,3384900.0
DE,2014-02-03,86.33000183105469,84.5999984741211,74.40906524658203,3381800.0
DE,2014-02-04,85.41000366210938,83.7699966430664,74.69867706298828,3013800.0
DE,2014-02-05,84.91000366210938,83.41000366210938,74.3388442993164,3157500.0
DE,2014-02-06,85.94999694824219,84.69999694824219,74.97953796386719,3198500.0
DE,2014-02-07,86.87999725341797,85.73999786376953,75.9713134765625,2085400.0
DE,2014-02-10,87.63999938964844,86.61000061035156,76.67345428466797,3844000.0
DE,2014-02-11,88.05999755859375,87.08000183105469,76.76121520996094,3674000.0
DE,2014-02-12,87.94999694824219,86.05000305175781,76.26972198486328,5472500.0
DE,2014-02-13,86.2699966430664,85.16999816894531,75.34815216064453,4414300.0
DE,2014-02-14,86.16999816894531,85.27999877929688,75.33936309814453,2716800.0
DE,2014-02-18,86.08000183105469,84.70999908447266,74.68989562988281,3450400.0
DE,2014-02-19,85.48999786376953,84.19999694824219,73.97899627685547,2876200.0
DE,2014-02-20,85.33999633789062,84.29000091552734,74.70745849609375,3241400.0
DE,2014-02-21,85.44000244140625,84.68000030517578,74.33006286621094,2225800.0
DE,2014-02-24,85.3499984741211,84.70999908447266,74.4266128540039,2659300.0
DE,2014-02-25,84.87000274658203,84.0,73.76834106445312,3002300.0
DE,2014-02-26,84.66000366210938,83.94999694824219,74.03165435791016,1884900.0
DE,2014-02-27,85.29000091552734,84.16999816894531,74.5758056640625,2711700.0
DE,2014-02-28,86.72000122070312,84.55999755859375,75.41838836669922,3316600.0
DE,2014-03-03,87.45999908447266,85.30000305175781,76.32239532470703,5401000.0
DE,2014-03-04,87.44000244140625,86.26000213623047,76.03273010253906,3301200.0
DE,2014-03-05,87.20999908447266,85.91000366210938,76.28726959228516,2267600.0
DE,2014-03-06,88.41000366210938,86.97000122070312,77.43702697753906,3797700.0
DE,2014-03-07,89.23999786376953,88.3499984741211,77.9372787475586,2841400.0
DE,2014-03-10,88.58000183105469,87.55999755859375,77.6915512084961,2499400.0
DE,2014-03-11,89.66999816894531,88.41000366210938,78.20936584472656,3434500.0
DE,2014-03-12,89.05999755859375,88.31999969482422,77.97240447998047,2468700.0
DE,2014-03-13,88.97000122070312,87.58000183105469,77.21759033203125,2302500.0
DE,2014-03-14,88.4000015258789,87.13999938964844,76.53301239013672,2881700.0
DE,2014-03-17,88.13999938964844,87.37999725341797,76.78753662109375,1893400.0
DE,2014-03-18,88.0,87.19999694824219,76.94551086425781,1542000.0
DE,2014-03-19,87.98999786376953,86.73999786376953,76.61200714111328,2366200.0
DE,2014-03-20,87.9000015258789,86.81999969482422,76.8577651977539,1940700.0
DE,2014-03-21,89.83999633789062,87.87999725341797,78.85004425048828,6953100.0
DE,2014-03-24,89.02999877929688,88.04000091552734,77.68277740478516,3975100.0
DE,2014-03-25,89.54000091552734,88.51000213623047,78.20059204101562,2784600.0
DE,2014-03-26,89.5999984741211,88.31999969482422,77.52478790283203,2592600.0
DE,2014-03-27,88.2699966430664,86.80000305175781,77.56010437011719,2211700.0
DE,2014-03-28,88.79000091552734,87.98999786376953,78.34574890136719,2038400.0
DE,2014-03-31,90.9800033569336,88.31999969482422,80.15544128417969,5349300.0
DE,2014-04-01,91.9800033569336,90.86000061035156,80.67626953125,3952000.0
DE,2014-04-02,92.0,91.02999877929688,81.12650299072266,2714000.0
DE,2014-04-03,92.37000274658203,91.62000274658203,81.2677230834961,2387500.0
DE,2014-04-04,92.79000091552734,91.76000213623047,81.06468963623047,2501100.0
DE,2014-04-07,91.81999969482422,90.62000274658203,80.46441650390625,2924600.0
DE,2014-04-08,93.44000244140625,91.19000244140625,81.69145965576172,4401500.0
DE,2014-04-09,93.62999725341797,92.30000305175781,82.43297576904297,2846900.0
DE,2014-04-10,94.58999633789062,92.54000091552734,81.86800384521484,4369100.0
DE,2014-04-11,92.87999725341797,91.18000030517578,81.22360229492188,3575200.0
DE,2014-04-14,92.95999908447266,91.95999908447266,81.60317993164062,3000200.0
DE,2014-04-15,92.70999908447266,91.69999694824219,81.514892578125,2718700.0
DE,2014-04-16,93.29000091552734,92.58000183105469,82.22994995117188,1996200.0
DE,2014-04-17,93.73999786376953,92.79000091552734,82.45064544677734,2104300.0
DE,2014-04-21,93.25,92.69000244140625,82.20346069335938,1354600.0
DE,2014-04-22,93.58000183105469,92.61000061035156,82.39765930175781,2032100.0
DE,2014-04-23,93.9800033569336,93.05000305175781,82.60071563720703,2021600.0
DE,2014-04-24,94.05000305175781,92.93000030517578,82.8832015991211,2351800.0
DE,2014-04-25,93.68000030517578,92.48999786376953,82.22110748291016,2254000.0
DE,2014-04-28,93.77999877929688,92.37999725341797,81.89449310302734,2931600.0
DE,2014-04-29,94.37000274658203,93.23999786376953,82.7419662475586,2395100.0
DE,2014-04-30,94.16999816894531,93.18000030517578,82.39765930175781,2906800.0
DE,2014-05-01,93.62999725341797,92.43000030517578,82.29173278808594,2205700.0
DE,2014-05-02,93.44999694824219,92.66999816894531,82.02690887451172,1766900.0
DE,2014-05-05,92.77999877929688,92.06999969482422,81.8238754272461,1783800.0
DE,2014-05-06,92.97000122070312,92.31999969482422,81.89449310302734,1442100.0
DE,2014-05-07,94.76000213623047,92.97000122070312,83.44816589355469,2812800.0
DE,2014-05-08,94.88999938964844,93.75,83.22748565673828,1866800.0
DE,2014-05-09,94.79000091552734,93.61000061035156,83.28045654296875,2247200.0
DE,2014-05-12,94.62999725341797,93.5,82.67133331298828,2699900.0
DE,2014-05-13,94.05999755859375,92.91000366210938,82.63601684570312,3370200.0
DE,2014-05-14,93.22000122070312,91.05000305175781,80.94991302490234,5258800.0
DE,2014-05-15,91.58000183105469,90.48999786376953,80.51736450195312,3015700.0
DE,2014-05-16,91.9800033569336,90.9800033569336,80.5703353881836,3795900.0
DE,2014-05-19,91.02999877929688,90.4000015258789,80.0406723022461,2445600.0
DE,2014-05-20,90.8499984741211,89.62999725341797,79.40509033203125,2742500.0
DE,2014-05-21,90.11000061035156,89.26000213623047,79.43155670166016,2490100.0
DE,2014-05-22,90.5,89.5999984741211,79.44039916992188,1657800.0
DE,2014-05-23,90.12999725341797,89.48999786376953,79.43155670166016,1931200.0
DE,2014-05-27,91.19999694824219,90.23999786376953,80.2613754272461,2829400.0
DE,2014-05-28,91.54000091552734,90.69000244140625,80.25252532958984,1909700.0
DE,2014-05-29,91.20999908447266,90.33000183105469,80.4202880859375,1513100.0
DE,2014-05-30,91.30000305175781,90.66000366210938,80.48207092285156,1768400.0
DE,2014-06-02,91.68000030517578,91.1500015258789,80.49088287353516,1941100.0
DE,2014-06-03,91.13999938964844,90.4000015258789,80.19073486328125,1589600.0
DE,2014-06-04,91.16999816894531,90.68000030517578,80.19073486328125,1431000.0
DE,2014-06-05,91.58999633789062,90.80999755859375,80.5968246459961,1888900.0
DE,2014-06-06,92.41999816894531,91.3499984741211,81.47960662841797,2756700.0
DE,2014-06-09,93.77999877929688,92.36000061035156,82.0975112915039,2817100.0
DE,2014-06-10,92.98999786376953,92.0999984741211,81.61201477050781,1793400.0
DE,2014-06-11,92.04000091552734,91.12999725341797,80.70274353027344,2233900.0
DE,2014-06-12,91.5999984741211,90.11000061035156,79.8641357421875,2352900.0
DE,2014-06-13,90.87999725341797,90.30000305175781,79.8641357421875,1785500.0
DE,2014-06-16,90.45999908447266,89.95999908447266,79.77586364746094,1672200.0
DE,2014-06-17,90.66999816894531,89.7699966430664,79.9788818359375,1441500.0
DE,2014-06-18,91.22000122070312,90.01000213623047,80.49972534179688,1554900.0
DE,2014-06-19,91.86000061035156,90.87999725341797,80.84400177001953,1817500.0
DE,2014-06-20,92.11000061035156,91.66000366210938,81.25008392333984,2796600.0
DE,2014-06-23,92.48999786376953,91.33999633789062,80.67626953125,2375300.0
DE,2014-06-24,91.73999786376953,90.5,80.00537109375,2042900.0
DE,2014-06-25,91.06999969482422,89.97000122070312,80.10246276855469,2810500.0
DE,2014-06-26,90.62999725341797,89.9800033569336,80.34241485595703,1827300.0
DE,2014-06-27,90.87000274658203,90.16999816894531,80.70674896240234,5211400.0
DE,2014-06-30,91.94999694824219,90.13999938964844,80.46682739257812,3243800.0
DE,2014-07-01,90.80999755859375,89.62999725341797,80.04916381835938,3464900.0
DE,2014-07-02,90.5199966430664,89.9800033569336,80.28909301757812,1785900.0
DE,2014-07-03,91.5,90.76000213623047,81.20437622070312,1798200.0
DE,2014-07-07,91.33999633789062,90.31999969482422,80.6800765991211,2135800.0
DE,2014-07-08,91.01000213623047,90.08000183105469,80.0846939086914,3261500.0
DE,2014-07-09,90.2300033569336,88.41999816894531,79.2315902709961,4591400.0
DE,2014-07-10,88.95999908447266,87.87999725341797,78.3073959350586,4364900.0
DE,2014-07-11,88.62999725341797,87.16999816894531,78.67176055908203,3823800.0
DE,2014-07-14,89.22000122070312,88.47000122070312,78.65397644042969,3242200.0
DE,2014-07-15,89.08000183105469,88.27999877929688,78.69841766357422,3072800.0
DE,2014-07-16,89.5199966430664,88.30999755859375,79.48931884765625,3632600.0
DE,2014-07-17,89.0,87.31999969482422,77.6942367553711,4071000.0
DE,2014-07-18,88.23999786376953,87.56999969482422,77.8719711303711,2834200.0
DE,2014-07-21,88.05999755859375,87.19999694824219,77.88085174560547,2590800.0
DE,2014-07-22,88.93000030517578,88.05999755859375,78.55623626708984,2389300.0
DE,2014-07-23,88.55999755859375,87.37999725341797,77.71202850341797,2974000.0
DE,2014-07-24,87.5999984741211,86.8499984741211,77.29437255859375,3273300.0
DE,2014-07-25,86.94999694824219,85.88999938964844,76.5745620727539,3398300.0
DE,2014-07-28,86.12999725341797,85.19000244140625,76.432373046875,5173400.0
DE,2014-07-29,86.45999908447266,85.69000244140625,76.27240753173828,3803500.0
DE,2014-07-30,86.05999755859375,85.01000213623047,75.91695404052734,2744200.0
DE,2014-07-31,85.66000366210938,84.52999877929688,75.63258361816406,3906000.0
DE,2014-08-01,85.62999725341797,84.55999755859375,75.49931335449219,3549700.0
DE,2014-08-04,85.27999877929688,84.62999725341797,75.7747802734375,2312300.0
DE,2014-08-05,86.51000213623047,84.8499984741211,75.79254913330078,4468800.0
DE,2014-08-06,85.68000030517578,84.86000061035156,75.89920043945312,2825800.0
DE,2014-08-07,86.0999984741211,85.23999786376953,75.86363220214844,2593600.0
DE,2014-08-08,87.0,85.30999755859375,77.29437255859375,2718700.0
DE,2014-08-11,87.38999938964844,86.66000366210938,77.4543228149414,2178800.0
DE,2014-08-12,87.19000244140625,86.16000366210938,76.85004425048828,5172600.0
DE,2014-08-13,86.9800033569336,84.37000274658203,75.08163452148438,9515900.0
DE,2014-08-14,84.9800033569336,83.5,75.43708038330078,6386700.0
DE,2014-08-15,85.1500015258789,83.87999725341797,75.35710906982422,4553200.0
DE,2014-08-18,86.18000030517578,85.08999633789062,76.521240234375,3225800.0
DE,2014-08-19,86.30000305175781,85.62999725341797,76.16576385498047,2101700.0
DE,2014-08-20,86.33000183105469,85.62000274658203,76.30795288085938,2755600.0
DE,2014-08-21,86.61000061035156,85.37000274658203,76.61009979248047,2217200.0
DE,2014-08-22,85.94000244140625,84.69999694824219,75.32156372070312,4225800.0
DE,2014-08-25,85.3499984741211,84.83999633789062,75.63258361816406,2210800.0
DE,2014-08-26,85.26000213623047,83.9800033569336,74.73505401611328,3716000.0
DE,2014-08-27,84.25,83.66000366210938,74.51289367675781,3453700.0
DE,2014-08-28,84.11000061035156,83.19000244140625,74.61953735351562,2295600.0
DE,2014-08-29,84.11000061035156,83.47000122070312,74.72618103027344,2382100.0
DE,2014-09-02,84.58000183105469,83.52999877929688,74.4417953491211,2790200.0
DE,2014-09-03,84.25,83.0999984741211,73.90860748291016,3042200.0
DE,2014-09-04,84.01000213623047,83.01000213623047,73.85529327392578,3421100.0
DE,2014-09-05,83.18000030517578,82.56999969482422,73.5709228515625,3524200.0
DE,2014-09-08,83.25,82.45999908447266,73.6953353881836,3573500.0
DE,2014-09-09,82.9000015258789,82.19000244140625,73.09105682373047,3068800.0
DE,2014-09-10,82.48999786376953,81.80999755859375,72.85112762451172,4466800.0
DE,2014-09-11,82.18000030517578,81.62000274658203,72.93998718261719,4086900.0
DE,2014-09-12,82.26000213623047,81.66000366210938,72.82447814941406,2640800.0
DE,2014-09-15,82.80000305175781,81.55000305175781,73.47319030761719,3513300.0
DE,2014-09-16,83.38999938964844,82.19999694824219,73.6953353881836,4223200.0
DE,2014-09-17,83.94999694824219,83.0,74.26406860351562,5249900.0
DE,2014-09-18,84.20999908447266,83.54000091552734,74.77949523925781,3647900.0
DE,2014-09-19,84.51000213623047,83.5999984741211,74.32628631591797,5150100.0
DE,2014-09-22,83.76000213623047,83.16000366210938,74.41514587402344,3902100.0
DE,2014-09-23,83.8499984741211,83.23999786376953,74.04190063476562,4384100.0
DE,2014-09-24,83.88999938964844,83.06999969482422,74.4417953491211,4107600.0
DE,2014-09-25,83.77999877929688,83.06999969482422,73.87306213378906,5515700.0
DE,2014-09-26,83.0999984741211,82.4000015258789,74.1416015625,2877200.0
DE,2014-09-29,82.44999694824219,82.0,73.70299530029297,3782500.0
DE,2014-09-30,82.56999969482422,81.95999908447266,73.38970947265625,3821200.0
DE,2014-10-01,82.2699966430664,81.41000366210938,72.99585723876953,4625100.0
DE,2014-10-02,81.79000091552734,80.94999694824219,73.13908386230469,4115800.0
DE,2014-10-03,82.94999694824219,82.0199966430664,73.54187774658203,3422900.0
DE,2014-10-06,82.94000244140625,82.27999877929688,74.15055084228516,2662700.0
DE,2014-10-07,81.58000183105469,79.95999908447266,71.61741638183594,7171300.0
DE,2014-10-08,81.43000030517578,78.87999725341797,72.78102111816406,8312200.0
DE,2014-10-09,82.2699966430664,81.0199966430664,72.6378173828125,5240000.0
DE,2014-10-10,82.69000244140625,80.30999755859375,72.48567199707031,5165400.0
DE,2014-10-13,82.87999725341797,81.41999816894531,73.08537292480469,4872800.0
DE,2014-10-14,86.08999633789062,81.56999969482422,75.51111602783203,7207400.0
DE,2014-10-15,85.31999969482422,82.73999786376953,76.02131652832031,5571300.0
DE,2014-10-16,85.12000274658203,83.2699966430664,75.2962875366211,6177000.0
DE,2014-10-17,84.7699966430664,82.58999633789062,74.55335998535156,6437200.0
DE,2014-10-20,82.91000366210938,82.05000305175781,73.5776596069336,4819800.0
DE,2014-10-21,84.12000274658203,82.25,74.99195861816406,4333400.0
DE,2014-10-22,84.56999969482422,83.06999969482422,74.66972351074219,4061700.0
DE,2014-10-23,85.55999755859375,83.77999877929688,76.23613739013672,4378700.0
DE,2014-10-24,85.63999938964844,84.68000030517578,76.46886444091797,2380700.0
DE,2014-10-27,85.08000183105469,83.79000091552734,75.70803833007812,2378200.0
DE,2014-10-28,85.54000091552734,84.81999969482422,76.52257537841797,2517400.0
DE,2014-10-29,85.83999633789062,84.62999725341797,76.21824645996094,2465900.0
DE,2014-10-30,85.44000244140625,84.41000366210938,76.28984832763672,1666700.0
DE,2014-10-31,86.13999938964844,84.9800033569336,76.56732177734375,2554800.0
DE,2014-11-03,85.63999938964844,83.80000305175781,76.08399200439453,2709600.0
DE,2014-11-04,84.8499984741211,84.08999633789062,75.68119812011719,2643100.0
DE,2014-11-05,85.48999786376953,84.45999908447266,76.05712890625,4007200.0
DE,2014-11-06,87.93000030517578,84.91000366210938,78.56342315673828,5481000.0
DE,2014-11-07,88.8499984741211,87.72000122070312,79.36006927490234,4401400.0
DE,2014-11-10,89.27999877929688,87.95999908447266,79.25267791748047,3549400.0
DE,2014-11-11,88.83999633789062,87.83999633789062,79.17208099365234,1669800.0
DE,2014-11-12,88.56999969482422,87.51000213623047,79.01097869873047,2602200.0
DE,2014-11-13,88.3499984741211,87.25,78.28592681884766,2580800.0
DE,2014-11-14,87.75,86.83999633789062,78.33963012695312,2098700.0
DE,2014-11-17,87.13999938964844,85.44999694824219,77.70411682128906,4047500.0
DE,2014-11-18,87.5199966430664,86.44999694824219,78.13377380371094,2144200.0
DE,2014-11-19,87.33000183105469,86.18000030517578,77.27448272705078,2854900.0
DE,2014-11-20,85.86000061035156,85.1500015258789,76.4151611328125,3881800.0
DE,2014-11-21,87.0999984741211,85.94999694824219,77.93685913085938,3364300.0
DE,2014-11-24,88.0,86.5999984741211,78.33963012695312,2315600.0
DE,2014-11-25,87.93000030517578,87.0199966430664,78.58131408691406,4061900.0
DE,2014-11-26,87.94000244140625,84.41000366210938,77.86524200439453,8945500.0
DE,2014-11-28,87.0,85.56999969482422,77.5340576171875,2928000.0
DE,2014-12-01,89.66000366210938,87.81999969482422,80.1835708618164,5245200.0
DE,2014-12-02,89.62999725341797,88.08000183105469,79.04676818847656,3787900.0
DE,2014-12-03,90.37999725341797,88.54000091552734,80.72063446044922,3623500.0
DE,2014-12-04,89.94999694824219,88.88999938964844,80.17462158203125,2055800.0
DE,2014-12-05,90.05000305175781,89.01000213623047,80.31782531738281,2071700.0
DE,2014-12-08,90.0999984741211,88.62999725341797,79.52117919921875,1995300.0
DE,2014-12-09,89.19999694824219,87.94999694824219,79.84341430664062,2499100.0
DE,2014-12-10,89.0,87.47000122070312,78.33963012695312,2814300.0
DE,2014-12-11,88.41999816894531,87.5999984741211,78.76033782958984,3016900.0
DE,2014-12-12,87.80999755859375,86.38999938964844,77.34608459472656,2864600.0
DE,2014-12-15,88.5,86.5999984741211,78.29489135742188,3956300.0
DE,2014-12-16,89.87000274658203,87.25,78.59027862548828,4244400.0
DE,2014-12-17,88.9800033569336,87.11000061035156,79.43167114257812,3435900.0
DE,2014-12-18,90.0,89.06999969482422,80.14775848388672,2876200.0
DE,2014-12-19,90.51000213623047,89.30000305175781,80.64904022216797,5180900.0
DE,2014-12-22,90.37999725341797,89.5,80.77433776855469,1875900.0
DE,2014-12-23,91.37999725341797,90.48999786376953,81.32035064697266,1569500.0
DE,2014-12-24,91.05000305175781,90.16999816894531,80.79222106933594,739700.0
DE,2014-12-26,90.9000015258789,90.16000366210938,80.77433776855469,1478300.0
DE,2014-12-29,90.55999755859375,89.4000015258789,81.22486877441406,1617300.0
DE,2014-12-30,90.38999938964844,89.27999877929688,80.61215209960938,1377200.0
DE,2014-12-31,90.0,88.4000015258789,79.72004699707031,1585400.0
DE,2015-01-02,89.37000274658203,87.41999816894531,79.60289001464844,1867900.0
DE,2015-01-05,88.05999755859375,85.87999725341797,77.89982604980469,3007000.0
DE,2015-01-06,87.0,84.88999938964844,77.25103759765625,3512000.0
DE,2015-01-07,85.91999816894531,84.73999786376953,76.91764831542969,3055900.0
DE,2015-01-08,86.58000183105469,85.62000274658203,77.93588256835938,2842300.0
DE,2015-01-09,86.66999816894531,85.31999969482422,77.17896270751953,2325300.0
DE,2015-01-12,85.63999938964844,84.54000091552734,76.99874114990234,2497900.0
DE,2015-01-13,86.29000091552734,85.01000213623047,77.39522552490234,2634700.0
DE,2015-01-14,86.6500015258789,84.55000305175781,77.92687225341797,3308500.0
DE,2015-01-15,88.08999633789062,86.93000030517578,78.5756607055664,3972700.0
DE,2015-01-16,87.41000366210938,86.55999755859375,78.66575622558594,3490600.0
DE,2015-01-20,87.79000091552734,86.91000366210938,78.5125732421875,2304100.0
DE,2015-01-21,87.91000366210938,86.5,78.96314239501953,1954400.0
DE,2015-01-22,89.72000122070312,88.05999755859375,80.65719604492188,2866300.0
DE,2015-01-23,89.01000213623047,88.0199966430664,79.61192321777344,1796400.0
DE,2015-01-26,88.80999755859375,87.87999725341797,79.68400573730469,2718700.0
DE,2015-01-27,86.62000274658203,85.3499984741211,77.53038787841797,3300700.0
DE,2015-01-28,86.91999816894531,84.5199966430664,76.21478271484375,3472100.0
DE,2015-01-29,86.06999969482422,84.29000091552734,77.41324615478516,3510800.0
DE,2015-01-30,86.44999694824219,85.0999984741211,76.76446533203125,4221400.0
DE,2015-02-02,86.69999694824219,84.8499984741211,78.07102966308594,2509700.0
DE,2015-02-03,88.77999877929688,87.16999816894531,79.86422729492188,3107600.0
DE,2015-02-04,89.5,88.16000366210938,79.9092788696289,3042500.0
DE,2015-02-05,89.2300033569336,88.5,80.30577087402344,1732400.0
DE,2015-02-06,89.19999694824219,88.52999877929688,80.17961120605469,1809900.0
DE,2015-02-09,89.25,88.12999725341797,80.15257263183594,1205900.0
DE,2015-02-10,89.19999694824219,88.4000015258789,79.97235107421875,1516500.0
DE,2015-02-11,89.30999755859375,88.18000030517578,80.03543090820312,1728600.0
DE,2015-02-12,89.44999694824219,88.23999786376953,80.5310287475586,2297300.0
DE,2015-02-13,90.38999938964844,89.18000030517578,81.13477325439453,1996600.0
DE,2015-02-17,90.37000274658203,89.20999908447266,81.02664184570312,1809100.0
DE,2015-02-18,92.77999877929688,91.37000274658203,83.57675170898438,5954700.0
DE,2015-02-19,92.45999908447266,91.44000244140625,82.63961029052734,4527200.0
DE,2015-02-20,92.47000122070312,89.91000366210938,83.28839111328125,7030500.0
DE,2015-02-23,92.08999633789062,90.81999969482422,81.9818115234375,3023200.0
DE,2015-02-24,91.66000366210938,90.63999938964844,82.45039367675781,2191600.0
DE,2015-02-25,91.87999725341797,91.33999633789062,82.55850982666016,1543000.0
DE,2015-02-26,91.75,90.95999908447266,82.16203308105469,2132700.0
DE,2015-02-27,91.29000091552734,90.51000213623047,81.63939666748047,2265600.0
DE,2015-03-02,91.08999633789062,90.20999908447266,82.02685546875,2162600.0
DE,2015-03-03,91.62000274658203,90.69000244140625,82.24311828613281,1682000.0
DE,2015-03-04,90.98999786376953,90.22000122070312,81.50421905517578,1735100.0
DE,2015-03-05,90.91000366210938,89.44999694824219,81.51322937011719,2713400.0
DE,2015-03-06,90.27999877929688,89.27999877929688,81.33299255371094,3711400.0
DE,2015-03-09,92.4000015258789,90.30999755859375,82.91893768310547,3144300.0
DE,2015-03-10,91.91999816894531,90.5999984741211,81.99080657958984,4378800.0
DE,2015-03-11,91.44000244140625,89.80000305175781,81.30597686767578,3122100.0
DE,2015-03-12,91.04000091552734,89.98999786376953,81.26092529296875,2289800.0
DE,2015-03-13,90.0,88.55999755859375,80.63917541503906,3707000.0
DE,2015-03-16,89.61000061035156,88.80999755859375,80.32377624511719,2851100.0
DE,2015-03-17,89.13999938964844,88.4800033569336,79.86422729492188,2078100.0
DE,2015-03-18,89.66000366210938,87.51000213623047,80.48596954345703,2591400.0
DE,2015-03-19,89.01000213623047,87.62999725341797,79.36862182617188,2586600.0
DE,2015-03-20,89.51000213623047,88.2300033569336,80.35980987548828,5981900.0
DE,2015-03-23,90.12000274658203,89.30000305175781,80.54905700683594,2233800.0
DE,2015-03-24,89.30000305175781,88.26000213623047,79.72004699707031,2232000.0
DE,2015-03-25,89.11000061035156,88.2699966430664,79.5668716430664,2720800.0
DE,2015-03-26,88.45999908447266,87.77999877929688,79.30554962158203,1988900.0
DE,2015-03-27,87.55999755859375,86.91000366210938,79.35091400146484,2065400.0
DE,2015-03-30,89.04000091552734,87.30999755859375,80.39429473876953,1748600.0
DE,2015-03-31,88.5999984741211,87.51000213623047,79.55958557128906,2705700.0
DE,2015-04-01,88.52999877929688,87.4800033569336,79.47794342041016,3318000.0
DE,2015-04-02,88.61000061035156,87.47000122070312,79.82269287109375,1555300.0
DE,2015-04-06,89.05000305175781,87.73999786376953,80.27635192871094,1929600.0
DE,2015-04-07,89.0199966430664,88.19999694824219,80.24005889892578,1763200.0
DE,2015-04-08,89.12000274658203,87.38999938964844,79.70475006103516,2094800.0
DE,2015-04-09,88.6500015258789,87.38999938964844,80.24910736083984,2915000.0
DE,2015-04-10,89.76000213623047,88.02999877929688,80.81163787841797,2053900.0
DE,2015-04-13,89.45999908447266,87.9000015258789,79.84083557128906,2794300.0
DE,2015-04-14,88.06999969482422,87.43000030517578,79.76825714111328,1823900.0
DE,2015-04-15,89.73999786376953,87.55000305175781,81.0566177368164,3320300.0
DE,2015-04-16,89.36000061035156,88.63999938964844,80.69369506835938,1709600.0
DE,2015-04-17,88.38999938964844,87.45999908447266,79.39628601074219,2248500.0
DE,2015-04-20,88.9800033569336,87.93000030517578,80.65739440917969,2524100.0
DE,2015-04-21,89.1500015258789,87.72000122070312,79.76825714111328,2215200.0
DE,2015-04-22,88.12999725341797,87.62000274658203,79.93156433105469,2026300.0
DE,2015-04-23,88.88999938964844,88.23999786376953,80.37613677978516,1981500.0
DE,2015-04-24,88.66999816894531,87.91000366210938,80.19468688964844,1482500.0
DE,2015-04-27,89.05999755859375,88.27999877929688,80.68462371826172,2081200.0
DE,2015-04-28,89.30000305175781,88.2699966430664,80.6483154296875,2746600.0
DE,2015-04-29,90.26000213623047,88.37999725341797,81.5374526977539,2287000.0
DE,2015-04-30,91.0,89.41999816894531,82.12721252441406,2728500.0
DE,2015-05-01,91.63999938964844,90.75,82.91653442382812,2674700.0
DE,2015-05-04,91.56999969482422,90.5999984741211,82.46288299560547,2504700.0
DE,2015-05-05,91.44000244140625,89.94999694824219,81.78240966796875,1752300.0
DE,2015-05-06,90.75,89.6500015258789,81.62818145751953,1415900.0
DE,2015-05-07,89.87000274658203,89.02999877929688,81.31970977783203,1667200.0
DE,2015-05-08,90.44999694824219,89.06999969482422,81.55561065673828,2212500.0
DE,2015-05-11,91.44000244140625,90.05999755859375,82.68970489501953,2845200.0
DE,2015-05-12,90.8499984741211,90.01000213623047,82.02739715576172,1585200.0
DE,2015-05-13,91.5,90.44000244140625,82.23606872558594,1778200.0
DE,2015-05-14,92.36000061035156,90.91999816894531,83.66049194335938,1949200.0
DE,2015-05-15,90.6500015258789,88.12999725341797,80.86607360839844,6658500.0
DE,2015-05-18,89.55000305175781,88.62999725341797,80.91142272949219,2517400.0
DE,2015-05-19,89.41000366210938,88.45999908447266,80.90235900878906,2122200.0
DE,2015-05-20,89.41000366210938,88.58000183105469,80.72998809814453,1939700.0
DE,2015-05-21,89.79000091552734,89.05000305175781,81.16548919677734,3037500.0
DE,2015-05-22,93.54000091552734,91.76000213623047,84.6948013305664,8558100.0
DE,2015-05-26,94.23999786376953,92.5,85.10306549072266,5536000.0
DE,2015-05-27,94.87999725341797,93.69999694824219,85.61114501953125,3954000.0
DE,2015-05-28,93.91999816894531,93.08000183105469,84.83089447021484,3210800.0
DE,2015-05-29,94.11000061035156,93.11000061035156,84.99420166015625,5466300.0
DE,2015-06-01,93.83999633789062,92.58000183105469,84.05062866210938,2902200.0
DE,2015-06-02,93.2300033569336,92.33999633789062,84.15042877197266,2574300.0
DE,2015-06-03,93.25,92.30000305175781,84.141357421875,2149000.0
DE,2015-06-04,92.47000122070312,91.66000366210938,83.3520278930664,2484100.0
DE,2015-06-05,92.45999908447266,91.23999786376953,83.58792877197266,1742900.0
DE,2015-06-08,92.1500015258789,91.48999786376953,83.11613464355469,1678400.0
DE,2015-06-09,92.88999938964844,91.45999908447266,83.33386993408203,1789300.0
DE,2015-06-10,93.2699966430664,91.94999694824219,84.32283020019531,2038300.0
DE,2015-06-11,93.58999633789062,92.73999786376953,84.5677719116211,2245900.0
DE,2015-06-12,93.4000015258789,92.33999633789062,83.9780502319336,1367300.0
DE,2015-06-15,92.7300033569336,91.58000183105469,83.88731384277344,1801700.0
DE,2015-06-16,92.30000305175781,91.69000244140625,83.57884216308594,2311000.0
DE,2015-06-17,92.62000274658203,91.77999877929688,83.6968002319336,2089300.0
DE,2015-06-18,92.77999877929688,91.45999908447266,84.01434326171875,1754000.0
DE,2015-06-19,92.94999694824219,92.26000213623047,83.9780502319336,3666400.0
DE,2015-06-22,94.1500015258789,93.08999633789062,84.87625885009766,2088500.0
DE,2015-06-23,93.98999786376953,93.18000030517578,84.99420166015625,1719200.0
DE,2015-06-24,94.29000091552734,93.44999694824219,85.28453826904297,2227800.0
DE,2015-06-25,94.38999938964844,93.08000183105469,85.28453826904297,3679700.0
DE,2015-06-26,96.88999938964844,93.55000305175781,88.06039428710938,7168000.0
DE,2015-06-29,96.63999938964844,94.91000366210938,86.708984375,3868700.0
DE,2015-06-30,98.2300033569336,95.22000122070312,88.61740112304688,6559600.0
DE,2015-07-01,97.69999694824219,95.51000213623047,87.8321304321289,3733000.0
DE,2015-07-02,97.01000213623047,95.69999694824219,87.97821044921875,2899800.0
DE,2015-07-06,96.45999908447266,95.25,87.26600646972656,2404000.0
DE,2015-07-07,96.41000366210938,94.62000274658203,87.91429138183594,2867400.0
DE,2015-07-08,96.11000061035156,94.43000030517578,86.708984375,2795800.0
DE,2015-07-09,96.61000061035156,94.51000213623047,86.32547760009766,2608500.0
DE,2015-07-10,95.94999694824219,94.7699966430664,86.90074920654297,2963300.0
DE,2015-07-13,96.45999908447266,95.16999816894531,87.90516662597656,2327700.0
DE,2015-07-14,96.66000366210938,95.5199966430664,88.02387237548828,2272700.0
DE,2015-07-15,96.81999969482422,95.9000015258789,88.1334457397461,2085500.0
DE,2015-07-16,97.55999755859375,96.80999755859375,88.8730697631836,2993400.0
DE,2015-07-17,97.08999633789062,96.5,88.54435729980469,1810900.0
DE,2015-07-20,97.2300033569336,96.19999694824219,87.85950469970703,1995500.0
DE,2015-07-21,96.48999786376953,95.38999938964844,87.21118927001953,2030600.0
DE,2015-07-22,95.54000091552734,94.62999725341797,86.5811538696289,1961400.0
DE,2015-07-23,94.7699966430664,92.41000366210938,85.15669250488281,3396100.0
DE,2015-07-24,93.41000366210938,92.30000305175781,84.3896713256836,2256800.0
DE,2015-07-27,92.5,90.63999938964844,83.32134246826172,2775100.0
DE,2015-07-28,92.69999694824219,91.79000091552734,84.43534088134766,3436000.0
DE,2015-07-29,93.7699966430664,91.81999969482422,85.49454498291016,2438700.0
DE,2015-07-30,93.9800033569336,92.91999816894531,85.38500213623047,1470500.0
DE,2015-07-31,94.63999938964844,93.6500015258789,86.3528823852539,1914000.0
DE,2015-08-03,94.5,92.86000061035156,85.30280303955078,2619800.0
DE,2015-08-04,93.66999816894531,92.70999908447266,85.01974487304688,1673800.0
DE,2015-08-05,95.8499984741211,93.69999694824219,87.22032928466797,2447500.0
DE,2015-08-06,95.9800033569336,94.83999633789062,87.29338073730469,1561100.0
DE,2015-08-07,95.98999786376953,95.29000091552734,87.52165985107422,1756200.0
DE,2015-08-10,97.48999786376953,95.9000015258789,88.6995849609375,2155200.0
DE,2015-08-11,96.80000305175781,95.62999725341797,87.87776184082031,1975300.0
DE,2015-08-12,95.95999908447266,91.70999908447266,85.50370025634766,4867800.0
DE,2015-08-13,93.91999816894531,91.55999755859375,85.01061248779297,2144100.0
DE,2015-08-14,94.48999786376953,92.87999725341797,86.14286804199219,2235200.0
DE,2015-08-17,94.26000213623047,93.06999969482422,85.99676513671875,1598800.0
DE,2015-08-18,94.3499984741211,93.36000061035156,85.75023651123047,1786300.0
DE,2015-08-19,93.27999877929688,91.22000122070312,83.98790740966797,4093000.0
DE,2015-08-20,92.44999694824219,90.37000274658203,82.77349090576172,4497600.0
DE,2015-08-21,86.38999938964844,81.88999938964844,76.052978515625,15208000.0
DE,2015-08-24,80.7699966430664,76.76000213623047,73.75193786621094,8039200.0
DE,2015-08-25,83.01000213623047,79.0199966430664,72.21788787841797,6505500.0
DE,2015-08-26,81.4000015258789,79.83999633789062,74.1719741821289,5223000.0
DE,2015-08-27,82.47000122070312,80.87000274658203,75.23118591308594,3664200.0
DE,2015-08-28,82.68000030517578,81.79000091552734,75.30424499511719,2647200.0
DE,2015-08-31,82.52999877929688,81.62000274658203,74.6741943359375,2674100.0
DE,2015-09-01,81.11000061035156,79.66999816894531,73.04884338378906,4790200.0
DE,2015-09-02,81.18000030517578,79.62999725341797,73.7610855102539,2853100.0
DE,2015-09-03,81.94999694824219,80.13999938964844,73.95284271240234,3022000.0
DE,2015-09-04,80.16000366210938,79.01000213623047,72.33663177490234,3130600.0
DE,2015-09-08,80.44999694824219,79.30000305175781,73.1401596069336,3079200.0
DE,2015-09-09,81.66000366210938,79.4000015258789,72.6562271118164,2898800.0
DE,2015-09-10,80.58999633789062,79.02999877929688,73.11279296875,2912900.0
DE,2015-09-11,80.25,78.9000015258789,72.36402130126953,3856000.0
DE,2015-09-14,79.76000213623047,78.79000091552734,72.75666809082031,3128300.0
DE,2015-09-15,81.7699966430664,79.19000244140625,74.33634948730469,3469800.0
DE,2015-09-16,81.88999938964844,81.12999725341797,74.28156280517578,2980400.0
DE,2015-09-17,81.41000366210938,80.08999633789062,73.4415054321289,3837000.0
DE,2015-09-18,80.2699966430664,79.22000122070312,72.62882995605469,7779000.0
DE,2015-09-21,79.69999694824219,78.7300033569336,72.28185272216797,3292200.0
DE,2015-09-22,79.2699966430664,78.0999984741211,71.98963928222656,3322800.0
DE,2015-09-23,78.95999908447266,77.43000030517578,70.93956756591797,3195400.0
DE,2015-09-24,76.0199966430664,74.30000305175781,69.1772689819336,7835000.0
DE,2015-09-25,76.2699966430664,74.73999786376953,69.22293090820312,3728700.0
DE,2015-09-28,75.01000213623047,73.69999694824219,67.88834381103516,5479600.0
DE,2015-09-29,74.44000244140625,73.41999816894531,67.75949096679688,2953900.0
DE,2015-09-30,74.55000305175781,73.37000274658203,68.10926055908203,3247000.0
DE,2015-10-01,73.62999725341797,72.19000244140625,67.08760833740234,4883800.0
DE,2015-10-02,73.66000366210938,71.8499984741211,67.71347045898438,3853000.0
DE,2015-10-05,78.41000366210938,74.19999694824219,71.98411560058594,6261500.0
DE,2015-10-06,78.95999908447266,77.91999816894531,72.19580078125,3354300.0
DE,2015-10-07,79.93000030517578,77.80000305175781,72.60997772216797,4082800.0
DE,2015-10-08,81.30999755859375,78.5999984741211,74.46918487548828,3707100.0
DE,2015-10-09,81.45999908447266,79.7300033569336,73.511962890625,4061400.0
DE,2015-10-12,79.9800033569336,78.0999984741211,72.18659210205078,2754200.0
DE,2015-10-13,77.83000183105469,76.48999786376953,70.8060073852539,3077800.0
DE,2015-10-14,77.37000274658203,76.18000030517578,70.2077407836914,3181700.0
DE,2015-10-15,76.87999725341797,75.26000213623047,70.1617202758789,2828600.0
DE,2015-10-16,76.62000274658203,75.75,69.95002746582031,4967400.0
DE,2015-10-19,76.06999969482422,75.29000091552734,69.92241668701172,3041900.0
DE,2015-10-20,76.7699966430664,75.5999984741211,70.30897521972656,2771300.0
DE,2015-10-21,78.48999786376953,76.44999694824219,70.54828643798828,3104200.0
DE,2015-10-22,79.5999984741211,76.55999755859375,73.0333480834961,5754600.0
DE,2015-10-23,81.11000061035156,79.69999694824219,73.87093353271484,4249300.0
DE,2015-10-26,80.2300033569336,77.0199966430664,71.33983612060547,4490900.0
DE,2015-10-27,76.97000122070312,75.80999755859375,70.06047058105469,4159500.0
DE,2015-10-28,78.97000122070312,76.44999694824219,72.66519927978516,3392700.0
DE,2015-10-29,78.95999908447266,77.93000030517578,72.01173400878906,2187800.0
DE,2015-10-30,78.5999984741211,77.72000122070312,71.79082489013672,2668800.0
DE,2015-11-02,80.51000213623047,78.19000244140625,73.80648803710938,3252500.0
DE,2015-11-03,80.2699966430664,79.29000091552734,73.2082290649414,2384200.0
DE,2015-11-04,79.7300033569336,77.73999786376953,72.01173400878906,2412100.0
DE,2015-11-05,78.69000244140625,77.04000091552734,71.72637939453125,2216900.0
DE,2015-11-06,77.83000183105469,76.11000061035156,71.33983612060547,3137500.0
DE,2015-11-09,77.44999694824219,75.83999633789062,70.1709213256836,2307900.0
DE,2015-11-10,77.19000244140625,75.36000061035156,70.19852447509766,2433800.0
DE,2015-11-11,76.66999816894531,74.94000244140625,69.07566833496094,2791100.0
DE,2015-11-12,74.7699966430664,73.1500015258789,67.43734741210938,3902400.0
DE,2015-11-13,74.91999816894531,73.0999984741211,68.70750427246094,3463100.0
DE,2015-11-16,74.80000305175781,73.45999908447266,68.76274108886719,3143000.0
DE,2015-11-17,75.2300033569336,73.5,67.92517852783203,4486400.0
DE,2015-11-18,74.62999725341797,73.76000213623047,68.58785247802734,3710100.0
DE,2015-11-19,74.95999908447266,73.5999984741211,68.97441864013672,2528600.0
DE,2015-11-20,75.94000244140625,75.0,69.471435546875,3472100.0
DE,2015-11-23,75.94999694824219,74.33999633789062,68.67068481445312,4011400.0
DE,2015-11-24,76.87999725341797,73.80000305175781,70.2629623413086,8007300.0
DE,2015-11-25,80.4800033569336,77.19999694824219,73.63162231445312,11169800.0
DE,2015-11-27,80.16999816894531,78.8499984741211,72.79405212402344,2013400.0
DE,2015-11-30,79.95999908447266,78.87000274658203,73.23584747314453,5095900.0
DE,2015-12-01,79.86000061035156,78.81999969482422,73.16221618652344,2954400.0
DE,2015-12-02,79.83000183105469,78.98999786376953,73.01494598388672,3012800.0
DE,2015-12-03,79.48999786376953,77.94999694824219,72.06694793701172,2913400.0
DE,2015-12-04,79.62000274658203,78.0,73.25428009033203,2400700.0
DE,2015-12-07,79.25,78.19000244140625,72.80325317382812,2699500.0
DE,2015-12-08,79.3499984741211,77.51000213623047,72.94132232666016,3388600.0
DE,2015-12-09,80.55000305175781,78.66999816894531,72.93211364746094,3911600.0
DE,2015-12-10,79.37000274658203,78.18000030517578,72.34305572509766,2817800.0
DE,2015-12-11,77.98999786376953,76.62999725341797,71.01768493652344,3965500.0
DE,2015-12-14,78.98999786376953,76.62999725341797,72.656005859375,5027300.0
DE,2015-12-15,79.7699966430664,76.73999786376953,71.10052490234375,6291300.0
DE,2015-12-16,78.58999633789062,76.94000244140625,71.9656982421875,2912100.0
DE,2015-12-17,78.52999877929688,76.75,70.78759002685547,3403200.0
DE,2015-12-18,77.12999725341797,74.94999694824219,69.00203704833984,5292900.0
DE,2015-12-21,76.02999877929688,74.62999725341797,69.68311309814453,3778300.0
DE,2015-12-22,77.91000366210938,75.9800033569336,71.4134521484375,2583600.0
DE,2015-12-23,79.38999938964844,78.1500015258789,72.91371154785156,3375900.0
DE,2015-12-24,79.36000061035156,78.5199966430664,72.51795959472656,750200.0
DE,2015-12-28,78.7699966430664,77.0,71.7632064819336,2726300.0
DE,2015-12-29,78.12999725341797,77.12999725341797,72.01365661621094,1746500.0
DE,2015-12-30,78.31999969482422,77.18000030517578,71.88378143310547,1643800.0
DE,2015-12-31,77.19999694824219,76.26000213623047,70.742919921875,2162600.0
DE,2016-01-04,76.12999725341797,74.63999938964844,70.56670379638672,3586900.0
DE,2016-01-05,76.54000091552734,75.0199966430664,70.97481536865234,2578300.0
DE,2016-01-06,76.20999908447266,75.0199966430664,70.17713165283203,3157600.0
DE,2016-01-07,76.02999877929688,74.25,69.5556869506836,3720500.0
DE,2016-01-08,75.55000305175781,73.51000213623047,68.41481018066406,3530800.0
DE,2016-01-11,74.37000274658203,73.20999908447266,68.77657318115234,3753000.0
DE,2016-01-12,75.08000183105469,73.0999984741211,69.11974334716797,2915900.0
DE,2016-01-13,75.4800033569336,73.1500015258789,67.91394805908203,3004300.0
DE,2016-01-14,74.7300033569336,72.68000030517578,68.26641845703125,3143800.0
DE,2016-01-15,73.45999908447266,71.91000366210938,67.82121276855469,4708600.0
DE,2016-01-19,73.73999786376953,71.56999969482422,67.20903778076172,3913800.0
DE,2016-01-20,73.01000213623047,70.16000366210938,66.78234100341797,4230200.0
DE,2016-01-21,73.66000366210938,71.19000244140625,67.73771667480469,2731200.0
DE,2016-01-22,76.2300033569336,73.6500015258789,69.2032241821289,3177400.0
DE,2016-01-25,73.9000015258789,71.69999694824219,66.57830810546875,2633300.0
DE,2016-01-26,73.58000183105469,71.63999938964844,68.23859405517578,2338800.0
DE,2016-01-27,75.02999877929688,73.16999816894531,68.29424285888672,2665700.0
DE,2016-01-28,75.23999786376953,73.36000061035156,69.38871002197266,2208700.0
DE,2016-01-29,77.01000213623047,75.33999633789062,71.4292984008789,4369100.0
DE,2016-02-01,77.12999725341797,75.72000122070312,71.23452758789062,2248300.0
DE,2016-02-02,75.69999694824219,74.16999816894531,69.1753921508789,2647800.0
DE,2016-02-03,75.7300033569336,72.86000061035156,69.94525909423828,2818900.0
DE,2016-02-04,79.04000091552734,75.05000305175781,72.99683380126953,4976300.0
DE,2016-02-05,79.83999633789062,78.0999984741211,72.73711395263672,4154200.0
DE,2016-02-08,78.8499984741211,75.93000030517578,71.48494720458984,3622300.0
DE,2016-02-09,78.5999984741211,75.9000015258789,72.4217758178711,2978700.0
DE,2016-02-10,78.83000183105469,77.06999969482422,71.80030822753906,2314100.0
DE,2016-02-11,77.13999938964844,75.18000030517578,70.87278747558594,3681900.0
DE,2016-02-12,78.4800033569336,76.75,72.59800720214844,3154100.0
DE,2016-02-16,79.94000244140625,77.73999786376953,74.02639770507812,3703300.0
DE,2016-02-17,82.2300033569336,80.0,75.52899932861328,4992800.0
DE,2016-02-18,81.68000030517578,79.18000030517578,74.50871276855469,5238200.0
DE,2016-02-19,78.36000061035156,76.5,71.42003631591797,8955200.0
DE,2016-02-22,78.79000091552734,77.19999694824219,72.71856689453125,3372600.0
DE,2016-02-23,78.48999786376953,76.91999816894531,71.54987335205078,2911600.0
DE,2016-02-24,79.30000305175781,75.7300033569336,73.27510070800781,2922300.0
DE,2016-02-25,79.6500015258789,78.55999755859375,73.83161163330078,1955200.0
DE,2016-02-26,80.58999633789062,79.20999908447266,73.71102905273438,2603000.0
DE,2016-02-29,81.3499984741211,79.05000305175781,74.36956787109375,4582600.0
DE,2016-03-01,82.1500015258789,79.5,75.1765365600586,3424900.0
DE,2016-03-02,82.05999755859375,80.16000366210938,75.90927124023438,2508200.0
DE,2016-03-03,83.81999969482422,81.44999694824219,77.6066665649414,2860100.0
DE,2016-03-04,86.06999969482422,83.45999908447266,78.7289810180664,4250300.0
DE,2016-03-07,85.94999694824219,84.26000213623047,79.47100830078125,3512800.0
DE,2016-03-08,85.12999725341797,82.75,77.77362060546875,3212300.0
DE,2016-03-09,84.69999694824219,82.62999725341797,77.02233123779297,2677200.0
DE,2016-03-10,82.9000015258789,81.38999938964844,76.41014862060547,2774200.0
DE,2016-03-11,83.43000030517578,82.37000274658203,76.9388427734375,2779500.0
DE,2016-03-14,83.31999969482422,81.5199966430664,75.91856384277344,2822300.0
DE,2016-03-15,81.0199966430664,80.05999755859375,74.80552673339844,3149700.0
DE,2016-03-16,81.56999969482422,80.25,75.51044464111328,2592000.0
DE,2016-03-17,83.5199966430664,81.2699966430664,77.0408706665039,3513100.0
DE,2016-03-18,83.86000061035156,82.45999908447266,76.64202117919922,7184800.0
DE,2016-03-21,83.02999877929688,81.93000030517578,76.72552490234375,2373000.0
DE,2016-03-22,82.55999755859375,81.98999786376953,76.29884338378906,1548300.0
DE,2016-03-23,82.01000213623047,80.54000091552734,74.98174285888672,1911600.0
DE,2016-03-24,80.58000183105469,80.0,74.42522430419922,3263800.0
DE,2016-03-28,80.56999969482422,79.5,74.36030578613281,3158600.0
DE,2016-03-29,80.69999694824219,79.13999938964844,75.22940826416016,2301300.0
DE,2016-03-30,81.08999633789062,80.01000213623047,74.8742904663086,2566300.0
DE,2016-03-31,80.36000061035156,76.91000366210938,71.94923400878906,6598000.0
DE,2016-04-01,76.58999633789062,74.91000366210938,71.49130249023438,6396600.0
DE,2016-04-04,76.8499984741211,75.77999877929688,70.93059539794922,2930800.0
DE,2016-04-05,76.62999725341797,75.2699966430664,71.08946990966797,2494200.0
DE,2016-04-06,76.52999877929688,75.3499984741211,71.34178161621094,2564100.0
DE,2016-04-07,76.27999877929688,75.5,71.1922607421875,2444600.0
DE,2016-04-08,77.25,75.91000366210938,71.3137435913086,2076200.0
DE,2016-04-11,77.16000366210938,75.75,70.79041290283203,1668900.0
DE,2016-04-12,76.94000244140625,75.79000091552734,71.58474731445312,2011500.0
DE,2016-04-13,78.52999877929688,76.33000183105469,73.32298278808594,3187100.0
DE,2016-04-14,78.80000305175781,77.4800033569336,72.57535552978516,2356000.0
DE,2016-04-15,78.20999908447266,77.36000061035156,72.3697509765625,2536900.0
DE,2016-04-18,78.4800033569336,76.80999755859375,73.19214630126953,2243100.0
DE,2016-04-19,82.62999725341797,78.66999816894531,76.96763610839844,7015500.0
DE,2016-04-20,84.94000244140625,81.69999694824219,78.74324798583984,6474400.0
DE,2016-04-21,84.94000244140625,82.4000015258789,77.37882995605469,4038200.0
DE,2016-04-22,83.45999908447266,82.69999694824219,77.37882995605469,2087400.0
DE,2016-04-25,82.75,81.36000061035156,77.01436614990234,2153500.0
DE,2016-04-26,83.98999786376953,82.75,77.95824432373047,2096200.0
DE,2016-04-27,85.23999786376953,83.55999755859375,79.16377258300781,2876700.0
DE,2016-04-28,85.33999633789062,83.5,78.43482971191406,2167000.0
DE,2016-04-29,84.63999938964844,83.4000015258789,78.6030502319336,2111900.0
DE,2016-05-02,84.93000030517578,83.4800033569336,78.77127838134766,1829300.0
DE,2016-05-03,83.8499984741211,82.52999877929688,77.93952941894531,1957400.0
DE,2016-05-04,83.48999786376953,81.76000213623047,76.79942321777344,1697300.0
DE,2016-05-05,82.30000305175781,80.7699966430664,75.88358306884766,2868500.0
DE,2016-05-06,81.69999694824219,80.58999633789062,76.11721801757812,1258800.0
DE,2016-05-09,81.12000274658203,80.0199966430664,75.30418395996094,1649200.0
DE,2016-05-10,84.37999725341797,80.61000061035156,78.32270050048828,5948000.0
DE,2016-05-11,84.94999694824219,83.0199966430664,78.40679931640625,3344400.0
DE,2016-05-12,84.93000030517578,82.56999969482422,78.64044952392578,3936300.0
DE,2016-05-13,84.29000091552734,82.27999877929688,77.07044219970703,2425200.0
DE,2016-05-16,84.13999938964844,82.70999908447266,78.15447998046875,2302900.0
DE,2016-05-17,84.25,82.58000183105469,77.75263977050781,2537400.0
DE,2016-05-18,83.11000061035156,81.91999816894531,77.1919174194336,2672600.0
DE,2016-05-19,83.33999633789062,81.68000030517578,76.86483764648438,5062000.0
DE,2016-05-20,80.94999694824219,77.5,72.65011596679688,12350200.0
DE,2016-05-23,79.16999816894531,77.25,72.78092956542969,4604000.0
DE,2016-05-24,79.7300033569336,78.41000366210938,74.42571258544922,3377600.0
DE,2016-05-25,80.87999725341797,79.94999694824219,75.22006225585938,2923600.0
DE,2016-05-26,81.08000183105469,80.12000274658203,75.01447296142578,2501000.0
DE,2016-05-27,80.5,79.81999969482422,75.22940826416016,1743800.0
DE,2016-05-31,83.12000274658203,81.86000061035156,76.90221405029297,6380000.0
DE,2016-06-01,83.01000213623047,81.3499984741211,77.4068832397461,2452000.0
DE,2016-06-02,84.13999938964844,82.41999816894531,78.55632781982422,2830800.0
DE,2016-06-03,86.19999694824219,84.80000305175781,79.96745300292969,4244400.0
DE,2016-06-06,87.80999755859375,85.69999694824219,81.75241088867188,4967700.0
DE,2016-06-07,87.8499984741211,87.05000305175781,81.59353637695312,2455800.0
DE,2016-06-08,88.19999694824219,86.41999816894531,81.47205352783203,3511300.0
DE,2016-06-09,87.16000366210938,85.95999908447266,81.25712585449219,1802200.0
DE,2016-06-10,86.48999786376953,85.0999984741211,80.06092834472656,3538300.0
DE,2016-06-13,86.87000274658203,85.30000305175781,79.73382568359375,2771500.0
DE,2016-06-14,85.38999938964844,83.63999938964844,79.57494354248047,3168100.0
DE,2016-06-15,85.77999877929688,84.73999786376953,79.27591705322266,1466000.0
DE,2016-06-16,85.30999755859375,83.1500015258789,79.54692077636719,2075500.0
DE,2016-06-17,86.54000091552734,85.44999694824219,80.36931610107422,3526100.0
DE,2016-06-20,86.98999786376953,85.45999908447266,79.98615264892578,3069700.0
DE,2016-06-21,85.4000015258789,84.04000091552734,78.58436584472656,3536100.0
DE,2016-06-22,84.8499984741211,83.88999938964844,78.42549896240234,2177600.0
DE,2016-06-23,84.94999694824219,83.52999877929688,78.77127838134766,2285000.0
DE,2016-06-24,83.16000366210938,81.4000015258789,76.3695297241211,4897600.0
DE,2016-06-27,81.37000274658203,79.77999877929688,75.30418395996094,3361800.0
DE,2016-06-28,81.8499984741211,80.04000091552734,76.62232208251953,2537900.0
DE,2016-06-29,82.27999877929688,80.55000305175781,76.74473571777344,2821400.0
DE,2016-06-30,81.94999694824219,79.83000183105469,76.30220794677734,4921400.0
DE,2016-07-01,81.37999725341797,80.33999633789062,76.17039489746094,2734300.0
DE,2016-07-05,80.52999877929688,78.61000061035156,74.5415267944336,2990700.0
DE,2016-07-06,79.48999786376953,78.25,74.82398223876953,2387300.0
DE,2016-07-07,80.16999816894531,79.04000091552734,74.7298355102539,2167500.0
DE,2016-07-08,81.08999633789062,80.0,76.23628997802734,1974900.0
DE,2016-07-11,81.4000015258789,80.48999786376953,76.25511932373047,2314700.0
DE,2016-07-12,82.63999938964844,80.37999725341797,77.60153198242188,3866600.0
DE,2016-07-13,83.5199966430664,82.43000030517578,78.10994720458984,2772600.0
DE,2016-07-14,84.6500015258789,83.38999938964844,78.75021362304688,3588100.0
DE,2016-07-15,83.95999908447266,82.87999725341797,78.53365325927734,2774600.0
DE,2016-07-18,83.91999816894531,81.95999908447266,78.919677734375,2489100.0
DE,2016-07-19,83.31999969482422,82.47000122070312,78.39242553710938,2487600.0
DE,2016-07-20,83.45999908447266,82.75,77.9687271118164,2297600.0
DE,2016-07-21,83.62000274658203,82.11000061035156,77.41322326660156,3083900.0
DE,2016-07-22,82.19999694824219,79.83999633789062,75.43598937988281,4753500.0
DE,2016-07-25,79.0999984741211,76.87000274658203,73.36460876464844,7436300.0
DE,2016-07-26,79.98999786376953,78.55999755859375,74.37206268310547,4139800.0
DE,2016-07-27,79.5,78.38999938964844,73.86361694335938,2496500.0
DE,2016-07-28,78.55999755859375,77.80999755859375,73.59998321533203,4712400.0
DE,2016-07-29,78.18000030517578,77.12999725341797,73.16688537597656,3753900.0
DE,2016-08-01,77.9800033569336,77.18000030517578,73.14806365966797,1898600.0
DE,2016-08-02,77.94000244140625,77.36000061035156,73.15746307373047,3483400.0
DE,2016-08-03,78.61000061035156,77.70999908447266,73.73180389404297,1865300.0
DE,2016-08-04,78.76000213623047,77.41000366210938,73.19512176513672,2235500.0
DE,2016-08-05,78.83000183105469,77.70999908447266,73.76004791259766,2460100.0
DE,2016-08-08,78.98999786376953,78.41000366210938,74.30614471435547,2698600.0
DE,2016-08-09,79.5,78.38999938964844,74.27789306640625,3067900.0
DE,2016-08-10,79.19000244140625,77.98999786376953,73.58116149902344,1780500.0
DE,2016-08-11,78.47000122070312,77.91999816894531,73.43050384521484,2773000.0
DE,2016-08-12,78.2300033569336,76.83000183105469,72.49840545654297,3812300.0
DE,2016-08-15,78.6500015258789,76.95999908447266,73.70355224609375,2667300.0
DE,2016-08-16,78.41999816894531,77.73999786376953,73.58116149902344,1947400.0
DE,2016-08-17,78.30999755859375,77.23999786376953,72.90324401855469,2764600.0
DE,2016-08-18,77.66999816894531,76.7300033569336,72.44190216064453,4041200.0
DE,2016-08-19,88.08999633789062,76.94000244140625,82.2150650024414,23735600.0
DE,2016-08-22,88.43000030517578,86.5999984741211,82.81764221191406,7998100.0
DE,2016-08-23,88.62999725341797,87.26000213623047,82.9400405883789,5280000.0
DE,2016-08-24,88.43000030517578,87.3499984741211,82.30921173095703,3796000.0
DE,2016-08-25,87.69999694824219,86.93000030517578,82.18682098388672,3044600.0
DE,2016-08-26,87.98999786376953,86.58999633789062,81.66895294189453,3031600.0
DE,2016-08-29,87.05000305175781,86.3499984741211,81.84785461425781,2007600.0
DE,2016-08-30,87.05000305175781,85.51000213623047,80.70861053466797,2918900.0
DE,2016-08-31,85.48999786376953,83.91999816894531,79.60700225830078,4440300.0
DE,2016-09-01,84.81999969482422,83.37999725341797,78.66546630859375,2996600.0
DE,2016-09-02,84.19000244140625,83.73999786376953,79.13623809814453,2071200.0
DE,2016-09-06,84.63999938964844,83.81999969482422,79.53167724609375,2906700.0
DE,2016-09-07,84.4000015258789,83.7699966430664,79.10797882080078,2186600.0
DE,2016-09-08,83.9800033569336,83.25,78.6937026977539,2234600.0
DE,2016-09-09,83.36000061035156,82.20999908447266,77.42262268066406,3112100.0
DE,2016-09-12,83.66000366210938,81.7699966430664,78.23233795166016,3635300.0
DE,2016-09-13,82.70999908447266,80.8499984741211,76.34927368164062,3166300.0
DE,2016-09-14,81.41999816894531,80.3499984741211,75.85968017578125,2452900.0
DE,2016-09-15,81.77999877929688,80.43000030517578,76.83888244628906,2149400.0
DE,2016-09-16,82.06999969482422,80.69000244140625,77.15900421142578,3596000.0
DE,2016-09-19,82.70999908447266,81.88999938964844,77.30963897705078,2073700.0
DE,2016-09-20,83.36000061035156,82.26000213623047,77.64861297607422,1918200.0
DE,2016-09-21,83.19000244140625,82.33000183105469,78.19469451904297,2020100.0
DE,2016-09-22,84.23999786376953,83.19000244140625,79.23979949951172,2790600.0
DE,2016-09-23,84.1500015258789,83.18000030517578,78.46774291992188,2561300.0
DE,2016-09-26,83.83000183105469,83.19999694824219,78.6937026977539,3409600.0
DE,2016-09-27,83.55000305175781,82.80000305175781,78.19469451904297,2797900.0
DE,2016-09-28,84.16999816894531,82.69999694824219,79.75004577636719,3389500.0
DE,2016-09-29,84.91000366210938,83.47000122070312,79.53192901611328,2725500.0
DE,2016-09-30,85.48999786376953,84.18000030517578,80.94502258300781,3157800.0
DE,2016-10-03,85.80000305175781,84.23999786376953,80.94502258300781,2679600.0
DE,2016-10-04,86.23999786376953,84.6500015258789,80.32856750488281,2126300.0
DE,2016-10-05,85.77999877929688,84.51000213623047,80.72689819335938,1782800.0
DE,2016-10-06,86.0199966430664,85.05000305175781,80.88812255859375,2029200.0
DE,2016-10-07,86.66999816894531,85.12000274658203,81.84599304199219,2922700.0
DE,2016-10-10,89.33999633789062,87.30000305175781,82.97457885742188,3719800.0
DE,2016-10-11,87.79000091552734,86.56999969482422,82.55728912353516,2008100.0
DE,2016-10-12,87.62000274658203,86.5999984741211,82.45296478271484,2167700.0
DE,2016-10-13,86.7699966430664,86.12000274658203,81.88391876220703,2437100.0
DE,2016-10-14,87.29000091552734,86.33999633789062,81.94082641601562,1800700.0
DE,2016-10-17,86.7300033569336,86.30000305175781,82.00720977783203,1118700.0
DE,2016-10-18,87.12000274658203,85.80999755859375,82.1399917602539,1882000.0
DE,2016-10-19,86.93000030517578,85.94999694824219,82.09255981445312,1915300.0
DE,2016-10-20,86.44999694824219,85.33000183105469,81.6657943725586,1951800.0
DE,2016-10-21,86.5,85.2699966430664,81.96928405761719,1394900.0
DE,2016-10-24,87.19000244140625,86.18000030517578,82.22535705566406,1323400.0
DE,2016-10-25,87.48999786376953,86.22000122070312,82.05462646484375,2039000.0
DE,2016-10-26,87.47000122070312,85.62000274658203,82.54779815673828,2192600.0
DE,2016-10-27,87.5999984741211,86.69000244140625,82.50985717773438,1998000.0
DE,2016-10-28,87.5999984741211,86.66999816894531,82.67109680175781,2483100.0
DE,2016-10-31,88.8499984741211,87.80000305175781,83.7427749633789,2536400.0
DE,2016-11-01,88.43000030517578,87.37999725341797,83.54359436035156,2998300.0
DE,2016-11-02,88.69000244140625,87.8499984741211,83.61000061035156,3101700.0
DE,2016-11-03,88.58000183105469,87.87000274658203,83.7427749633789,2201100.0
DE,2016-11-04,88.52999877929688,87.68000030517578,83.51513671875,1974200.0
DE,2016-11-07,89.77999877929688,88.2300033569336,84.4066390991211,2572300.0
DE,2016-11-08,89.55999755859375,88.61000061035156,84.39716339111328,1915300.0
DE,2016-11-09,92.98999786376953,89.16999816894531,85.45935821533203,7834700.0
DE,2016-11-10,91.83000183105469,89.95999908447266,86.0188980102539,3479300.0
DE,2016-11-11,91.1500015258789,89.69000244140625,86.39825439453125,3176800.0
DE,2016-11-14,92.0,90.97000122070312,86.89143371582031,2727800.0
DE,2016-11-15,91.55999755859375,90.83999633789062,86.54051971435547,2368400.0
DE,2016-11-16,91.5199966430664,90.75,86.54051971435547,1725500.0
DE,2016-11-17,92.04000091552734,90.98999786376953,87.03367614746094,1954200.0
DE,2016-11-18,92.19000244140625,91.52999877929688,87.21387481689453,2398500.0
DE,2016-11-21,92.4000015258789,91.33000183105469,87.53633117675781,2756100.0
DE,2016-11-22,93.13999938964844,91.83999633789062,87.26129913330078,5414000.0
DE,2016-11-23,102.5,98.56999969482422,96.89691925048828,20485400.0
DE,2016-11-25,104.83000183105469,100.80000305175781,98.55660247802734,6584700.0
DE,2016-11-28,103.70999908447266,101.69000244140625,96.451171875,4903500.0
DE,2016-11-29,101.11000061035156,99.83999633789062,95.17086029052734,5902400.0
DE,2016-11-30,102.08000183105469,100.19999694824219,95.02861022949219,5146400.0
DE,2016-12-01,103.04000091552734,100.1500015258789,97.39956665039062,6152300.0
DE,2016-12-02,102.44999694824219,101.0999984741211,96.26151275634766,3282400.0
DE,2016-12-05,102.55999755859375,101.04000091552734,96.06233978271484,3462100.0
DE,2016-12-06,103.0,100.66000366210938,97.2288589477539,3039300.0
DE,2016-12-07,103.2300033569336,102.02999877929688,97.55132293701172,4921100.0
DE,2016-12-08,104.7699966430664,102.30000305175781,98.55660247802734,4334100.0
DE,2016-12-09,103.81999969482422,102.76000213623047,98.2720947265625,3164300.0
DE,2016-12-12,103.6500015258789,102.33000183105469,97.13402557373047,1712500.0
DE,2016-12-13,102.41000366210938,101.19000244140625,96.10028076171875,2605900.0
DE,2016-12-14,101.4800033569336,100.3499984741211,95.36054229736328,2140800.0
DE,2016-12-15,101.83000183105469,100.05000305175781,96.16667175292969,2751000.0
DE,2016-12-16,102.48999786376953,100.9000015258789,96.50808715820312,3717800.0
DE,2016-12-19,103.0,101.4000015258789,96.97280883789062,1849000.0
DE,2016-12-20,104.0999984741211,102.27999877929688,98.29106140136719,2093100.0
DE,2016-12-21,103.54000091552734,102.69999694824219,97.76944732666016,1907500.0
DE,2016-12-22,103.33000183105469,102.73999786376953,97.76944732666016,1858600.0
DE,2016-12-23,103.30999755859375,102.75,97.79791259765625,1003800.0
DE,2016-12-27,104.12000274658203,103.11000061035156,98.53763580322266,1752700.0
DE,2016-12-28,104.33000183105469,103.1500015258789,98.64258575439453,2745300.0
DE,2016-12-29,103.94000244140625,103.02999877929688,98.4517822265625,2130300.0
DE,2016-12-30,103.4800033569336,102.77999877929688,98.28962707519531,1793900.0
DE,2017-01-03,104.7699966430664,103.44999694824219,99.25306701660156,3379100.0
DE,2017-01-04,106.5,104.0999984741211,100.94146728515625,4439000.0
DE,2017-01-05,106.25,105.04000091552734,100.49312591552734,2328300.0
DE,2017-01-06,106.75,105.41000366210938,101.58057403564453,2633300.0
DE,2017-01-09,106.30999755859375,104.8499984741211,100.34051513671875,2195000.0
DE,2017-01-10,105.3499984741211,104.62999725341797,100.0543441772461,1745100.0
DE,2017-01-11,105.83000183105469,104.97000122070312,100.83654022216797,1235300.0
DE,2017-01-12,105.43000030517578,103.98999786376953,100.32141876220703,2166000.0
DE,2017-01-13,106.0,104.95999908447266,100.91284942626953,1360500.0
DE,2017-01-17,105.70999908447266,104.0999984741211,99.52970123291016,2438800.0
DE,2017-01-18,105.6500015258789,104.44999694824219,100.38819885253906,1941200.0
DE,2017-01-19,105.69999694824219,104.91999816894531,100.17835235595703,1526100.0
DE,2017-01-20,107.02999877929688,105.04000091552734,101.81905364990234,2843900.0
DE,2017-01-23,107.30000305175781,106.44999694824219,102.18153381347656,2073100.0
DE,2017-01-24,108.0,106.37000274658203,102.7061767578125,2277800.0
DE,2017-01-25,108.47000122070312,107.58000183105469,103.07819366455078,2181200.0
DE,2017-01-26,108.08000183105469,106.93000030517578,102.66802215576172,1560000.0
DE,2017-01-27,107.98999786376953,107.0999984741211,103.01142883300781,1220700.0
DE,2017-01-30,107.7300033569336,106.44999694824219,102.12429809570312,2420700.0
DE,2017-01-31,107.1500015258789,105.63999938964844,102.11476135253906,1645800.0
DE,2017-02-01,107.86000061035156,106.6500015258789,102.21013641357422,1375100.0
DE,2017-02-02,107.58000183105469,106.62000274658203,102.47723388671875,1167600.0
DE,2017-02-03,108.08000183105469,107.27999877929688,103.01142883300781,1895100.0
DE,2017-02-06,108.1500015258789,107.44999694824219,103.07819366455078,2022300.0
DE,2017-02-07,108.9000015258789,108.06999969482422,103.74592590332031,1755900.0
DE,2017-02-08,108.55000305175781,107.75,103.41206359863281,1605900.0
DE,2017-02-09,109.19000244140625,108.08999633789062,104.08934020996094,2715500.0
DE,2017-02-10,110.38999938964844,109.1500015258789,105.1576919555664,2757800.0
DE,2017-02-13,112.18000030517578,109.5199966430664,105.64418029785156,2704100.0
DE,2017-02-14,110.41999816894531,109.05999755859375,104.97645568847656,3521100.0
DE,2017-02-15,109.66999816894531,108.30999755859375,104.08934020996094,5231900.0
DE,2017-02-16,109.4000015258789,107.95999908447266,104.13701629638672,4757900.0
DE,2017-02-17,112.16000366210938,107.77999877929688,105.18631744384766,6717800.0
DE,2017-02-21,110.2699966430664,108.55000305175781,104.5567398071289,3355000.0
DE,2017-02-22,109.91999816894531,108.69999694824219,104.59490203857422,4206300.0
DE,2017-02-23,109.69999694824219,106.72000122070312,102.763427734375,4170700.0
DE,2017-02-24,108.66999816894531,107.08000183105469,103.61238861083984,2166400.0
DE,2017-02-27,109.73999786376953,108.55999755859375,104.46134948730469,1835200.0
DE,2017-02-28,110.62000274658203,108.91000366210938,104.4422607421875,2812500.0
DE,2017-03-01,111.77999877929688,110.70999908447266,106.09251403808594,2859800.0
DE,2017-03-02,111.2300033569336,109.37999725341797,104.4899673461914,2348400.0
DE,2017-03-03,111.01000213623047,108.86000061035156,105.72049713134766,1886800.0
DE,2017-03-06,111.05999755859375,109.70999908447266,105.73002624511719,1688700.0
DE,2017-03-07,110.94999694824219,110.0199966430664,105.1576919555664,1640000.0
DE,2017-03-08,111.30999755859375,110.1500015258789,105.37709045410156,1892600.0
DE,2017-03-09,110.9000015258789,108.80999755859375,104.52812957763672,2125600.0
DE,2017-03-10,110.0,108.87999725341797,104.85244750976562,1876800.0
DE,2017-03-13,110.66999816894531,109.3499984741211,104.81427764892578,1450700.0
DE,2017-03-14,109.58999633789062,108.63999938964844,104.17517852783203,1504100.0
DE,2017-03-15,111.31999969482422,109.16999816894531,105.68233489990234,2580000.0
DE,2017-03-16,111.2699966430664,110.41999816894531,105.6250991821289,1378900.0
DE,2017-03-17,111.11000061035156,110.2300033569336,105.3580093383789,4122200.0
DE,2017-03-20,111.19000244140625,109.9000015258789,105.7681884765625,1360200.0
DE,2017-03-21,111.48999786376953,109.13999938964844,104.5567398071289,2261800.0
DE,2017-03-22,110.23999786376953,109.0999984741211,104.70936584472656,1650600.0
DE,2017-03-23,110.70999908447266,109.26000213623047,104.48043060302734,1046500.0
DE,2017-03-24,110.23999786376953,108.33999633789062,103.95579528808594,1844700.0
DE,2017-03-27,107.98999786376953,106.93000030517578,102.21969604492188,3473100.0
DE,2017-03-28,108.54000091552734,107.30999755859375,103.33575439453125,1864900.0
DE,2017-03-29,108.33000183105469,107.36000061035156,103.76740264892578,1615000.0
DE,2017-03-30,109.43000030517578,108.25,104.71702575683594,1091300.0
DE,2017-03-31,109.87000274658203,108.37999725341797,104.4196548461914,2257900.0
DE,2017-04-03,109.26000213623047,107.97000122070312,104.34292602539062,1642000.0
DE,2017-04-04,109.62999725341797,108.5,105.03355407714844,1266700.0
DE,2017-04-05,111.04000091552734,108.93000030517578,104.79375457763672,1322800.0
DE,2017-04-06,110.88999938964844,109.19999694824219,105.93521118164062,1616300.0
DE,2017-04-07,110.83999633789062,109.29000091552734,104.86089324951172,1334700.0
DE,2017-04-10,110.20999908447266,109.18000030517578,105.15824890136719,1040200.0
DE,2017-04-11,111.37999725341797,109.37000274658203,106.62583923339844,2846700.0
DE,2017-04-12,111.19999694824219,109.27999877929688,104.8896713256836,2088200.0
DE,2017-04-13,109.56999969482422,107.95999908447266,103.59473419189453,2341200.0
DE,2017-04-17,108.98999786376953,107.75,104.36210632324219,1981400.0
DE,2017-04-18,108.87999725341797,107.83000183105469,104.04557037353516,1690500.0
DE,2017-04-19,108.98999786376953,107.88999938964844,103.80577087402344,1458200.0
DE,2017-04-20,109.1500015258789,107.26000213623047,104.36210632324219,2014000.0
DE,2017-04-21,109.47000122070312,107.04000091552734,103.15350341796875,2025100.0
DE,2017-04-24,110.58999633789062,108.94000244140625,105.75296783447266,2711400.0
DE,2017-04-25,114.12999725341797,111.56999969482422,108.53466796875,3326100.0
DE,2017-04-26,113.77999877929688,112.5,107.95914459228516,2208100.0
DE,2017-04-27,112.68000030517578,110.54000091552734,106.64501953125,2635100.0
DE,2017-04-28,111.86000061035156,109.83999633789062,107.0574722290039,2297700.0
DE,2017-05-01,112.79000091552734,111.93000030517578,107.40280151367188,1808400.0
DE,2017-05-02,112.94000244140625,110.41999816894531,106.40523529052734,2653300.0
DE,2017-05-03,111.0,109.79000091552734,106.27092742919922,2013100.0
DE,2017-05-04,112.08999633789062,110.41999816894531,107.4603500366211,3691000.0
DE,2017-05-05,113.13999938964844,111.37999725341797,108.49629974365234,1505800.0
DE,2017-05-08,113.12999725341797,112.22000122070312,108.04547882080078,1460400.0
DE,2017-05-09,114.04000091552734,112.83999633789062,108.94713592529297,2059700.0
DE,2017-05-10,114.16999816894531,113.33000183105469,108.9183578491211,2164900.0
DE,2017-05-11,114.12999725341797,112.29000091552734,108.84161376953125,1627000.0
DE,2017-05-12,113.18000030517578,112.37000274658203,108.49629974365234,1421400.0
DE,2017-05-15,113.97000122070312,113.2699966430664,109.15816497802734,2527900.0
DE,2017-05-16,114.95999908447266,113.83000183105469,110.11737823486328,3202000.0
DE,2017-05-17,114.80000305175781,113.05000305175781,108.61140441894531,2769900.0
DE,2017-05-18,113.5199966430664,111.12000274658203,108.0742416381836,3278700.0
DE,2017-05-19,122.23999786376953,119.0,115.96855926513672,11097700.0
DE,2017-05-22,122.5,120.12000274658203,116.7455062866211,4423500.0
DE,2017-05-23,122.6500015258789,121.02999877929688,117.14837646484375,3719400.0
DE,2017-05-24,122.81999969482422,121.79000091552734,117.77186584472656,1990100.0
DE,2017-05-25,123.43000030517578,122.05999755859375,117.43614959716797,2792200.0
DE,2017-05-26,123.58999633789062,122.36000061035156,117.7814712524414,2132000.0
DE,2017-05-30,122.6500015258789,121.8499984741211,117.27308654785156,3261600.0
DE,2017-05-31,123.20999908447266,122.11000061035156,117.46492004394531,2341900.0
DE,2017-06-01,125.9800033569336,124.12000274658203,119.6135482788086,4198000.0
DE,2017-06-02,126.0,124.44000244140625,119.81500244140625,2428400.0
DE,2017-06-05,126.44000244140625,124.62999725341797,120.21786499023438,2098400.0
DE,2017-06-06,125.75,124.63999938964844,119.94927978515625,2051300.0
DE,2017-06-07,125.66999816894531,124.79000091552734,120.17948913574219,2144800.0
DE,2017-06-08,126.29000091552734,125.16000366210938,120.86051940917969,2267000.0
DE,2017-06-09,127.04000091552734,125.31999969482422,120.81256103515625,2395400.0
DE,2017-06-12,126.4000015258789,124.38999938964844,120.86051940917969,1997300.0
DE,2017-06-13,126.6500015258789,126.0,121.2634048461914,1171200.0
DE,2017-06-14,126.55000305175781,125.94000244140625,121.27298736572266,1836700.0
DE,2017-06-15,126.55000305175781,125.41000366210938,121.2154312133789,3859900.0
DE,2017-06-16,128.2100067138672,126.52999877929688,122.68302917480469,4207100.0
DE,2017-06-19,128.3699951171875,126.5,121.81014251708984,2089800.0
DE,2017-06-20,127.08000183105469,126.04000091552734,120.89889526367188,2204300.0
DE,2017-06-21,126.4000015258789,124.12999725341797,119.69029998779297,1850600.0
DE,2017-06-22,125.2699966430664,123.51000213623047,118.80781555175781,1979900.0
DE,2017-06-23,124.47000122070312,123.3499984741211,118.55843353271484,7209800.0
DE,2017-06-26,124.5199966430664,122.23999786376953,118.31861114501953,1714400.0
DE,2017-06-27,124.2699966430664,121.94000244140625,117.02367401123047,1465800.0
DE,2017-06-28,123.66999816894531,121.51000213623047,119.0190658569336,2375100.0
DE,2017-06-29,123.41000366210938,120.91999816894531,117.51530456542969,1817800.0
DE,2017-06-30,124.33999633789062,122.26000213623047,119.13473510742188,2305600.0
DE,2017-07-03,125.5,123.79000091552734,120.44570922851562,1681900.0
DE,2017-07-05,125.87000274658203,124.11000061035156,121.07227325439453,2293000.0
DE,2017-07-06,125.47000122070312,124.69000244140625,120.58067321777344,1851900.0
DE,2017-07-07,126.81999969482422,125.05000305175781,122.07478332519531,1584600.0
DE,2017-07-10,128.5,126.66999816894531,123.52072143554688,3103800.0
DE,2017-07-11,128.8000030517578,127.31999969482422,123.443603515625,1834800.0
DE,2017-07-12,129.0,123.45999908447266,119.0287094116211,4848200.0
DE,2017-07-13,125.05000305175781,123.25,119.93482208251953,2894800.0
DE,2017-07-14,125.77999877929688,124.2699966430664,120.94696044921875,1777000.0
DE,2017-07-17,126.0199966430664,125.01000213623047,121.3421859741211,1573400.0
DE,2017-07-18,126.44000244140625,125.33999633789062,121.54460906982422,1869400.0
DE,2017-07-19,126.73999786376953,125.8499984741211,121.75668334960938,1474300.0
DE,2017-07-20,126.72000122070312,125.3499984741211,121.07227325439453,2074100.0
DE,2017-07-21,126.0999984741211,124.61000061035156,121.21686553955078,1455800.0
DE,2017-07-24,126.6500015258789,125.69999694824219,121.98804473876953,1291200.0
DE,2017-07-25,128.75,126.80999755859375,123.28937530517578,2128000.0
DE,2017-07-26,128.17999267578125,127.0,123.2122573852539,1959300.0
DE,2017-07-27,128.52999877929688,127.31999969482422,123.80990600585938,1472900.0
DE,2017-07-28,129.02000427246094,128.05999755859375,124.26296997070312,1261200.0
DE,2017-07-31,129.5399932861328,128.14999389648438,123.6556625366211,1273300.0
DE,2017-08-01,129.4600067138672,128.17999267578125,124.36900329589844,1592200.0
DE,2017-08-02,129.41000366210938,128.3000030517578,124.3304443359375,1513000.0
DE,2017-08-03,129.66000366210938,128.83999633789062,124.84134674072266,1657600.0
DE,2017-08-04,129.9499969482422,129.10000610351562,125.07267761230469,1214800.0
DE,2017-08-07,130.5,129.66000366210938,125.27511596679688,1535200.0
DE,2017-08-08,132.22000122070312,129.75,127.26084899902344,3955100.0
DE,2017-08-09,132.5,131.17999267578125,127.63681030273438,1394200.0
DE,2017-08-10,132.25999450683594,127.73999786376953,123.1736831665039,2991500.0
DE,2017-08-11,128.50999450683594,126.48999786376953,122.13262939453125,2305700.0
DE,2017-08-14,129.1699981689453,127.87999725341797,123.93521881103516,2146500.0
DE,2017-08-15,128.0800018310547,126.12999725341797,122.59532928466797,2158300.0
DE,2017-08-16,127.9800033569336,126.4800033569336,122.06515502929688,1919400.0
DE,2017-08-17,127.04000091552734,123.5999984741211,119.51068878173828,4123300.0
DE,2017-08-18,118.41000366210938,112.87000274658203,113.08111572265625,11364600.0
DE,2017-08-21,118.38999938964844,116.02999877929688,112.31959533691406,4809100.0
DE,2017-08-22,117.5199966430664,116.38999938964844,113.24501037597656,3052600.0
DE,2017-08-23,117.12999725341797,115.94999694824219,112.25212860107422,2778200.0
DE,2017-08-24,116.63999938964844,115.23999786376953,111.27853393554688,2738700.0
DE,2017-08-25,116.26000213623047,115.05999755859375,111.66410827636719,1861100.0
DE,2017-08-28,116.52999877929688,115.11000061035156,111.77979278564453,1471500.0
DE,2017-08-29,115.94000244140625,114.52999877929688,111.71231842041016,2578300.0
DE,2017-08-30,115.63999938964844,114.95999908447266,111.32672882080078,1809800.0
DE,2017-08-31,116.44000244140625,115.02999877929688,111.75086975097656,2067700.0
DE,2017-09-01,116.66000366210938,115.41000366210938,111.95330047607422,1815500.0
DE,2017-09-05,117.1500015258789,115.30000305175781,111.36528778076172,3225100.0
DE,2017-09-06,116.79000091552734,115.12999725341797,112.03042602539062,3147900.0
DE,2017-09-07,116.76000213623047,114.76000213623047,112.1364517211914,2881400.0
DE,2017-09-08,117.91999816894531,115.9000015258789,113.07149505615234,3000600.0
DE,2017-09-11,118.58999633789062,116.97000122070312,113.67877960205078,2759600.0
DE,2017-09-12,119.25,116.75,113.0329360961914,3726300.0
DE,2017-09-13,117.95999908447266,116.72000122070312,113.13896942138672,2562100.0
DE,2017-09-14,118.7300033569336,117.1500015258789,114.10292053222656,1802800.0
DE,2017-09-15,119.44999694824219,118.37000274658203,114.7198486328125,6627100.0
DE,2017-09-18,120.05999755859375,118.87999725341797,115.56813049316406,2009700.0
DE,2017-09-19,123.37000274658203,119.9000015258789,118.64311981201172,3947000.0
DE,2017-09-20,124.11000061035156,122.91000366210938,119.48175048828125,2173300.0
DE,2017-09-21,124.83999633789062,123.51000213623047,120.2818374633789,1742400.0
DE,2017-09-22,124.81999969482422,123.27999877929688,119.28897094726562,1864300.0
DE,2017-09-25,123.91000366210938,123.11000061035156,119.3082504272461,1605200.0
DE,2017-09-26,124.43000030517578,123.18000030517578,118.8359146118164,1057900.0
DE,2017-09-27,123.9000015258789,122.69999694824219,118.87447357177734,2517800.0
DE,2017-09-28,124.2300033569336,122.38999938964844,119.7850341796875,2861100.0
DE,2017-09-29,125.63999938964844,123.80000305175781,121.654541015625,3093400.0
DE,2017-10-02,127.30999755859375,125.08000183105469,123.30128479003906,2628100.0
DE,2017-10-03,128.2899932861328,126.9800033569336,124.08589172363281,1590000.0
DE,2017-10-04,128.55999755859375,127.0199966430664,124.30868530273438,1400300.0
DE,2017-10-05,128.42999267578125,127.62000274658203,123.99870300292969,1415700.0
DE,2017-10-06,128.30999755859375,127.2699966430664,124.11495971679688,1496400.0
DE,2017-10-09,128.72000122070312,127.73999786376953,124.60897064208984,988100.0
DE,2017-10-10,128.97999572753906,127.95999908447266,124.23118591308594,1123200.0
DE,2017-10-11,128.22999572753906,126.93000030517578,123.76622772216797,1868000.0
DE,2017-10-12,129.27999877929688,127.33999633789062,124.4733657836914,2751500.0
DE,2017-10-13,129.02000427246094,127.37999725341797,123.90184783935547,2023200.0
DE,2017-10-16,128.6199951171875,127.70999908447266,123.71778869628906,1249300.0
DE,2017-10-17,129.22000122070312,127.77999877929688,124.65740966796875,1777100.0
DE,2017-10-18,129.32000732421875,128.25999450683594,124.68647003173828,1701000.0
DE,2017-10-19,128.58999633789062,127.52999877929688,124.49273681640625,1637600.0
DE,2017-10-20,129.1699981689453,128.1300048828125,125.10298919677734,1384900.0
DE,2017-10-23,130.2100067138672,128.64999389648438,125.52919006347656,1337400.0
DE,2017-10-24,132.36000061035156,130.27999877929688,126.91441345214844,3153800.0
DE,2017-10-25,131.63999938964844,129.33999633789062,126.46878814697266,1498300.0
DE,2017-10-26,132.77999877929688,130.5399932861328,127.9992904663086,1786900.0
DE,2017-10-27,133.30999755859375,131.3300018310547,129.0745086669922,1658300.0
DE,2017-10-30,133.75999450683594,132.3000030517578,128.15428161621094,2708100.0
DE,2017-10-31,133.49000549316406,132.19000244140625,128.71612548828125,1319800.0
DE,2017-11-01,134.72999572753906,133.25,130.0625457763672,1558000.0
DE,2017-11-02,135.0399932861328,133.17999267578125,130.22723388671875,1641000.0
DE,2017-11-03,135.02999877929688,134.19000244140625,130.79872131347656,1056500.0
DE,2017-11-06,135.8300018310547,134.66000366210938,131.0699462890625,2432000.0
DE,2017-11-07,136.69000244140625,135.5399932861328,131.4574432373047,1234200.0
DE,2017-11-08,135.8800048828125,134.52000427246094,130.4209442138672,1271200.0
DE,2017-11-09,134.1999969482422,130.77000427246094,127.16622924804688,2879200.0
DE,2017-11-10,132.5399932861328,131.22000122070312,128.0864715576172,2990800.0
DE,2017-11-13,133.17999267578125,131.1300048828125,127.7765121459961,1820300.0
DE,2017-11-14,133.0,131.57000732421875,128.71612548828125,1591300.0
DE,2017-11-15,133.02000427246094,131.36000061035156,128.125244140625,1764800.0
DE,2017-11-16,135.27000427246094,132.6300048828125,130.39190673828125,2065800.0
DE,2017-11-17,136.50999450683594,133.75999450683594,131.5155487060547,1965000.0
DE,2017-11-20,137.82000732421875,136.13999938964844,132.6295166015625,2564500.0
DE,2017-11-21,140.36000061035156,137.9499969482422,134.86712646484375,5917200.0
DE,2017-11-22,146.0,142.36000061035156,140.69847106933594,8094200.0
DE,2017-11-24,147.91000366210938,145.49000549316406,140.94064331054688,1964900.0
DE,2017-11-27,148.8300018310547,145.32000732421875,144.10818481445312,3880800.0
DE,2017-11-28,149.80999755859375,147.22000122070312,144.69908142089844,3992800.0
DE,2017-11-29,149.1999969482422,147.1699981689453,143.78851318359375,2421800.0
DE,2017-11-30,150.75,148.0,145.1640167236328,3726400.0
DE,2017-12-01,150.49000549316406,146.92999267578125,145.24151611328125,2022500.0
DE,2017-12-04,152.67999267578125,150.9199981689453,146.23922729492188,1893800.0
DE,2017-12-05,152.5399932861328,150.25999450683594,145.9486541748047,1802600.0
DE,2017-12-06,151.3800048828125,149.4199981689453,144.7668914794922,1411100.0
DE,2017-12-07,151.47999572753906,149.0,146.37486267089844,1434300.0
DE,2017-12-08,152.4600067138672,151.0500030517578,146.83013916015625,1084000.0
DE,2017-12-11,151.5800018310547,150.55999755859375,146.5879669189453,1537200.0
DE,2017-12-12,151.7100067138672,150.38999938964844,146.33612060546875,1699200.0
DE,2017-12-13,153.33999633789062,151.25999450683594,147.18853759765625,1608200.0
DE,2017-12-14,152.5800018310547,149.30999755859375,144.75718688964844,1420300.0
DE,2017-12-15,152.0,150.5500030517578,146.14239501953125,2555900.0
DE,2017-12-18,154.6699981689453,152.4199981689453,149.21304321289062,1985100.0
DE,2017-12-19,154.97999572753906,152.02000427246094,149.63925170898438,1841200.0
DE,2017-12-20,155.24000549316406,154.0,149.53269958496094,1430000.0
DE,2017-12-21,156.3000030517578,154.25,150.9759979248047,2315600.0
DE,2017-12-22,158.10000610351562,155.11000061035156,152.59368896484375,1714700.0
DE,2017-12-26,158.75999450683594,156.80999755859375,153.7754669189453,2407200.0
DE,2017-12-27,159.10000610351562,158.22000122070312,153.6107635498047,1781500.0
DE,2017-12-28,158.66000366210938,157.3000030517578,153.33851623535156,1237600.0
DE,2017-12-29,157.99000549316406,156.47000122070312,152.18142700195312,1258200.0
DE,2018-01-02,158.05999755859375,156.5500030517578,153.6399383544922,1897600.0
DE,2018-01-03,159.10000610351562,157.63999938964844,154.34002685546875,1392300.0
DE,2018-01-04,160.10000610351562,157.35000610351562,155.22488403320312,1747000.0
DE,2018-01-05,160.47000122070312,156.58999633789062,155.8860626220703,1574400.0
DE,2018-01-08,161.17999267578125,158.89999389648438,156.65420532226562,2711800.0
DE,2018-01-09,165.97999572753906,161.52000427246094,161.02003479003906,4345200.0
DE,2018-01-10,168.44000244140625,164.10000610351562,160.37828063964844,5473700.0
DE,2018-01-11,167.5500030517578,163.77000427246094,162.82859802246094,1958200.0
DE,2018-01-12,170.72999572753906,167.9600067138672,164.61769104003906,2316500.0
DE,2018-01-16,170.61000061035156,166.36000061035156,162.90635681152344,2046100.0
DE,2018-01-17,168.63999938964844,166.38999938964844,162.79940795898438,1960400.0
DE,2018-01-18,168.4499969482422,166.25999450683594,163.25640869140625,2185900.0
DE,2018-01-19,170.32000732421875,168.08999633789062,165.6094970703125,1613900.0
DE,2018-01-22,170.39999389648438,168.72000122070312,165.6678466796875,1401000.0
DE,2018-01-23,170.08999633789062,168.42999267578125,163.9954071044922,1365000.0
DE,2018-01-24,170.42999267578125,168.05999755859375,164.90940856933594,1448700.0
DE,2018-01-25,171.39999389648438,166.91000366210938,164.452392578125,1651300.0
DE,2018-01-26,171.9600067138672,169.13999938964844,166.7471160888672,1554500.0
DE,2018-01-29,171.9499969482422,168.75999450683594,164.50099182128906,1487600.0
DE,2018-01-30,169.39999389648438,166.82000732421875,163.84954833984375,1712700.0
DE,2018-01-31,170.5800018310547,166.16000366210938,161.8173370361328,1969800.0
DE,2018-02-01,168.38999938964844,164.25999450683594,163.2078094482422,1721300.0
DE,2018-02-02,167.92999267578125,164.72000122070312,160.39773559570312,2568700.0
DE,2018-02-05,166.05999755859375,156.97000122070312,152.67733764648438,3549600.0
DE,2018-02-06,162.25999450683594,151.4499969482422,157.40293884277344,3377400.0
DE,2018-02-07,164.16000366210938,160.91000366210938,156.97508239746094,2378800.0
DE,2018-02-08,161.22000122070312,153.61000061035156,149.41024780273438,3051300.0
DE,2018-02-09,157.14999389648438,148.60000610351562,150.64512634277344,3895300.0
DE,2018-02-12,160.36000061035156,155.91000366210938,154.80677795410156,2343100.0
DE,2018-02-13,161.61000061035156,157.55999755859375,156.83895874023438,1795900.0
DE,2018-02-14,164.8800048828125,159.75999450683594,158.7642059326172,2854000.0
DE,2018-02-15,167.4199981689453,162.99000549316406,162.1965789794922,3026200.0
DE,2018-02-16,175.25999450683594,162.00999450683594,164.75384521484375,6626900.0
DE,2018-02-20,169.9600067138672,163.64999389648438,160.21299743652344,3750400.0
DE,2018-02-21,166.77999877929688,161.97000122070312,157.6071014404297,2753300.0
DE,2018-02-22,165.8000030517578,162.75999450683594,159.61984252929688,1908800.0
DE,2018-02-23,166.25999450683594,162.8699951171875,161.642333984375,2038800.0
DE,2018-02-26,168.30999755859375,165.6300048828125,162.82859802246094,1770000.0
DE,2018-02-27,167.52999877929688,163.5800018310547,159.05589294433594,2281800.0
DE,2018-02-28,164.9199981689453,160.8699951171875,156.42083740234375,2781400.0
DE,2018-03-01,162.85000610351562,155.74000549316406,152.47312927246094,3697000.0
DE,2018-03-02,156.25999450683594,151.77999877929688,149.06993103027344,4169500.0
DE,2018-03-05,158.24000549316406,151.0399932861328,153.1829376220703,3093400.0
DE,2018-03-06,159.57000732421875,157.4600067138672,154.12611389160156,2394000.0
DE,2018-03-07,158.32000732421875,154.97999572753906,153.53297424316406,2589100.0
DE,2018-03-08,161.35000610351562,155.72000122070312,156.6055908203125,3508000.0
DE,2018-03-09,168.00999450683594,161.72999572753906,163.28558349609375,3828000.0
DE,2018-03-12,168.0500030517578,162.8000030517578,159.4934539794922,2260900.0
DE,2018-03-13,166.30999755859375,160.6699981689453,156.8583984375,2732300.0
DE,2018-03-14,162.5,158.89999389648438,155.7790985107422,2243000.0
DE,2018-03-15,161.67999267578125,159.14999389648438,155.18597412109375,1320700.0
DE,2018-03-16,163.97999572753906,159.3699951171875,159.3476104736328,3818700.0
DE,2018-03-19,162.92999267578125,157.8300018310547,155.11790466308594,2798600.0
DE,2018-03-20,162.0500030517578,159.17999267578125,155.56520080566406,1499400.0
DE,2018-03-21,160.44000244140625,155.72999572753906,153.67884826660156,2901100.0
DE,2018-03-22,156.3699951171875,151.2100067138672,147.3877716064453,3768800.0
DE,2018-03-23,153.72999572753906,147.60000610351562,143.90679931640625,2940600.0
DE,2018-03-26,153.67999267578125,148.89999389648438,149.09912109375,2463800.0
DE,2018-03-27,156.99000549316406,150.89999389648438,147.95175170898438,2691400.0
DE,2018-03-28,153.6300048828125,148.7899932861328,147.87364196777344,2655000.0
DE,2018-03-29,155.8300018310547,151.52000427246094,151.62220764160156,3526700.0
DE,2018-04-02,154.8800048828125,149.2899932861328,148.20553588867188,2150600.0
DE,2018-04-03,153.2100067138672,149.75999450683594,149.396484375,1957400.0
DE,2018-04-04,149.16000366210938,143.57000732421875,145.03292846679688,4478100.0
DE,2018-04-05,153.22999572753906,149.30999755859375,147.73696899414062,2963400.0
DE,2018-04-06,149.8000030517578,143.02999877929688,141.9286346435547,3294000.0
DE,2018-04-09,147.44000244140625,142.72999572753906,139.55648803710938,3629600.0
DE,2018-04-10,149.49000549316406,145.44000244140625,144.4862518310547,2597400.0
DE,2018-04-11,146.17999267578125,144.25,140.9719696044922,2309000.0
DE,2018-04-12,151.17999267578125,145.64999389648438,146.68267822265625,3258100.0
DE,2018-04-13,152.0,148.97999572753906,146.40936279296875,2634900.0
DE,2018-04-16,151.27999877929688,148.2899932861328,145.43313598632812,2608100.0
DE,2018-04-17,152.14999389648438,149.14999389648438,145.59912109375,1957800.0
DE,2018-04-18,151.7100067138672,149.41000366210938,146.20436096191406,2022000.0
DE,2018-04-19,150.52000427246094,146.5,144.57411193847656,2290300.0
DE,2018-04-20,149.8699951171875,146.3000030517578,143.46124267578125,1896700.0
DE,2018-04-23,147.82000732421875,145.32000732421875,142.56312561035156,1245200.0
DE,2018-04-24,149.14999389648438,137.41000366210938,134.8219451904297,5467900.0
DE,2018-04-25,139.89999389648438,136.10000610351562,134.71456909179688,3067300.0
DE,2018-04-26,138.24000549316406,133.6999969482422,133.08432006835938,4071600.0
DE,2018-04-27,139.92999267578125,136.3300018310547,134.28501892089844,2602000.0
DE,2018-04-30,138.44000244140625,135.22000122070312,132.10812377929688,2533400.0
DE,2018-05-01,136.22000122070312,132.17999267578125,132.1471710205078,2378800.0
DE,2018-05-02,137.8800048828125,134.58999633789062,131.5419464111328,2585000.0
DE,2018-05-03,137.4199981689453,131.25999450683594,133.6114501953125,3716900.0
DE,2018-05-04,138.25,135.14999389648438,134.03123474121094,1934700.0
DE,2018-05-07,141.77000427246094,139.27000427246094,136.88169860839844,1840900.0
DE,2018-05-08,142.6999969482422,140.22000122070312,138.68768310546875,2189300.0
DE,2018-05-09,145.52999877929688,142.08999633789062,141.7041015625,2332600.0
DE,2018-05-10,147.5,144.5500030517578,143.11959838867188,2413800.0
DE,2018-05-11,149.0,146.14999389648438,143.8126983642578,2487000.0
DE,2018-05-14,148.6199951171875,145.7899932861328,143.25624084472656,3483900.0
DE,2018-05-15,146.4499969482422,143.30999755859375,142.06529235839844,3135000.0
DE,2018-05-16,147.60000610351562,145.6199951171875,143.8419647216797,1887400.0
DE,2018-05-17,148.10000610351562,145.41000366210938,143.3148193359375,4095700.0
DE,2018-05-18,157.10000610351562,146.11000061035156,151.55389404296875,7788800.0
DE,2018-05-21,161.38999938964844,156.10000610351562,154.56056213378906,4922000.0
DE,2018-05-22,159.41000366210938,154.89999389648438,151.397705078125,2462000.0
DE,2018-05-23,156.69000244140625,153.0500030517578,152.8522186279297,2005000.0
DE,2018-05-24,158.64999389648438,155.94000244140625,154.41412353515625,2426800.0
DE,2018-05-25,159.38999938964844,157.57000732421875,155.21461486816406,2096700.0
DE,2018-05-29,158.88999938964844,153.50999450683594,151.319580078125,3350500.0
DE,2018-05-30,156.14999389648438,154.2100067138672,151.38795471191406,2870600.0
DE,2018-05-31,155.07000732421875,149.4600067138672,145.95053100585938,4754600.0
DE,2018-06-01,154.0399932861328,150.52999877929688,149.7381591796875,2655900.0
DE,2018-06-04,154.1199951171875,151.17999267578125,147.93218994140625,1737000.0
DE,2018-06-05,154.57000732421875,151.91000366210938,150.77291870117188,1872200.0
DE,2018-06-06,158.55999755859375,154.77999877929688,154.77532958984375,2468100.0
DE,2018-06-07,160.30999755859375,157.6699981689453,154.87294006347656,2192300.0
DE,2018-06-08,158.61000061035156,156.0500030517578,153.37936401367188,1390300.0
DE,2018-06-11,157.75,155.38999938964844,152.94981384277344,1925100.0
DE,2018-06-12,158.60000610351562,156.5500030517578,153.8381805419922,2548600.0
DE,2018-06-13,157.91000366210938,152.92999267578125,149.68936157226562,2386100.0
DE,2018-06-14,153.89999389648438,150.00999450683594,146.6045684814453,3072100.0
DE,2018-06-15,150.1999969482422,145.69000244140625,145.20863342285156,5991000.0
DE,2018-06-18,148.13999938964844,146.64999389648438,144.271484375,2947200.0
DE,2018-06-19,145.0,141.5399932861328,138.89268493652344,3752500.0
DE,2018-06-20,144.85000610351562,140.8800048828125,140.91339111328125,2609600.0
DE,2018-06-21,143.80999755859375,140.6999969482422,138.62908935546875,2784400.0
DE,2018-06-22,145.36000061035156,142.8699951171875,139.76148986816406,2315000.0
DE,2018-06-25,141.9199981689453,138.64999389648438,136.32528686523438,3705200.0
DE,2018-06-26,141.1300048828125,138.72000122070312,136.32528686523438,1832500.0
DE,2018-06-27,143.33999633789062,139.1300048828125,136.06170654296875,2433700.0
DE,2018-06-28,140.47999572753906,137.32000732421875,136.7778778076172,1619900.0
DE,2018-06-29,142.72000122070312,139.5800018310547,137.1506805419922,1906200.0
DE,2018-07-02,141.3300018310547,137.8800048828125,138.4849090576172,1867400.0
DE,2018-07-03,142.0,139.86000061035156,137.58233642578125,1580700.0
DE,2018-07-05,140.99000549316406,138.0800018310547,137.0525665283203,3014900.0
DE,2018-07-06,140.3000030517578,137.89999389648438,137.3272705078125,2059600.0
DE,2018-07-09,145.77000427246094,140.3699951171875,141.68312072753906,2149800.0
DE,2018-07-10,146.2899932861328,143.7899932861328,141.81065368652344,1531900.0
DE,2018-07-11,142.55999755859375,140.67999267578125,138.73997497558594,2396600.0
DE,2018-07-12,142.7899932861328,140.5800018310547,138.13174438476562,1681700.0
DE,2018-07-13,140.8300018310547,137.47999572753906,134.97274780273438,5103500.0
DE,2018-07-16,137.94000244140625,135.4199981689453,133.6875762939453,3726400.0
DE,2018-07-17,138.11000061035156,134.3699951171875,135.38479614257812,2704800.0
DE,2018-07-18,139.49000549316406,137.3800048828125,136.57188415527344,2397700.0
DE,2018-07-19,141.3000030517578,138.14999389648438,137.64120483398438,2303400.0
DE,2018-07-20,139.19000244140625,136.60000610351562,134.57052612304688,2832100.0
DE,2018-07-23,136.82000732421875,135.2899932861328,132.9615936279297,2789900.0
DE,2018-07-24,141.99000549316406,135.3300018310547,137.18991088867188,5146300.0
DE,2018-07-25,142.47000122070312,136.14999389648438,138.64187622070312,4371300.0
DE,2018-07-26,144.2100067138672,141.32000732421875,140.02516174316406,3585300.0
DE,2018-07-27,143.85000610351562,139.63999938964844,138.13174438476562,2321400.0
DE,2018-07-30,142.6199951171875,137.85000610351562,135.58099365234375,2994500.0
DE,2018-07-31,145.75,140.0,142.04611206054688,4856500.0
DE,2018-08-01,144.9600067138672,141.22000122070312,139.22068786621094,2198500.0
DE,2018-08-02,143.97999572753906,140.35000610351562,139.39727783203125,1343200.0
DE,2018-08-03,144.0,142.00999450683594,140.64321899414062,1873700.0
DE,2018-08-06,144.86000061035156,142.77999877929688,141.20240783691406,1472900.0
DE,2018-08-07,147.3800048828125,144.50999450683594,143.35089111328125,1549900.0
DE,2018-08-08,146.32000732421875,144.1699981689453,142.0657196044922,2329000.0
DE,2018-08-09,143.9600067138672,138.64999389648438,137.18011474609375,3782500.0
DE,2018-08-10,139.32000732421875,135.8699951171875,134.4528045654297,2413100.0
DE,2018-08-13,137.3300018310547,135.61000061035156,134.31546020507812,2155200.0
DE,2018-08-14,139.6300048828125,137.47999572753906,136.02247619628906,2808800.0
DE,2018-08-15,137.4199981689453,132.8300018310547,133.12838745117188,2563100.0
DE,2018-08-16,138.1199951171875,136.36000061035156,134.7471160888672,2996000.0
DE,2018-08-17,142.38999938964844,132.32000732421875,137.92572021484375,8811200.0
DE,2018-08-20,142.1699981689453,139.74000549316406,137.86685180664062,3509600.0
DE,2018-08-21,144.38999938964844,140.6999969482422,141.10430908203125,1945200.0
DE,2018-08-22,144.2100067138672,142.57000732421875,139.9074249267578,1277900.0
DE,2018-08-23,142.30999755859375,139.89999389648438,138.5045166015625,1414700.0
DE,2018-08-24,144.85000610351562,141.27999877929688,142.0166778564453,1945400.0
DE,2018-08-27,147.27999877929688,145.25999450683594,143.4293975830078,1902500.0
DE,2018-08-28,148.5,145.77000427246094,143.7237091064453,1535200.0
DE,2018-08-29,146.99000549316406,145.6699981689453,143.22337341308594,1687800.0
DE,2018-08-30,146.16000366210938,142.9199981689453,140.60397338867188,1491800.0
DE,2018-08-31,144.16000366210938,142.19000244140625,141.07489013671875,1181300.0
DE,2018-09-04,143.67999267578125,140.99000549316406,139.01466369628906,1698900.0
DE,2018-09-05,145.08999633789062,141.02999877929688,142.13441467285156,2232100.0
DE,2018-09-06,146.14999389648438,144.16000366210938,142.35025024414062,1446700.0
DE,2018-09-07,148.35000610351562,144.02000427246094,144.83230590820312,3136300.0
DE,2018-09-10,150.64999389648438,148.0,145.79373168945312,1872100.0
DE,2018-09-11,149.6699981689453,146.8800048828125,145.78390502929688,1152200.0
DE,2018-09-12,149.89999389648438,146.57000732421875,144.97946166992188,1949800.0
DE,2018-09-13,150.16000366210938,148.35000610351562,146.0487823486328,1502100.0
DE,2018-09-14,150.0500030517578,146.85000610351562,144.9598388671875,2002200.0
DE,2018-09-17,150.44000244140625,148.0500030517578,146.215576171875,2131000.0
DE,2018-09-18,150.8699951171875,147.88999938964844,146.215576171875,1529700.0
DE,2018-09-19,153.75,149.3000030517578,149.50209045410156,2373000.0
DE,2018-09-20,156.77000427246094,153.22000122070312,151.15023803710938,2762200.0
DE,2018-09-21,155.07000732421875,152.66000366210938,149.91412353515625,2514000.0
DE,2018-09-24,152.35000610351562,149.6999969482422,148.67799377441406,1713500.0
DE,2018-09-25,152.36000061035156,150.16000366210938,148.4229278564453,1400000.0
DE,2018-09-26,153.44000244140625,150.74000549316406,149.4334259033203,1784900.0
DE,2018-09-27,154.0,151.0,149.02935791015625,1494500.0
DE,2018-09-28,152.16000366210938,150.0399932861328,148.15225219726562,1737000.0
DE,2018-10-01,152.47000122070312,150.17999267578125,148.674560546875,2670300.0
DE,2018-10-02,154.9600067138672,150.39999389648438,152.5772247314453,2149200.0
DE,2018-10-03,158.89999389648438,155.1199951171875,155.91810607910156,2973700.0
DE,2018-10-04,159.3000030517578,155.69000244140625,156.0166473388672,3882500.0
DE,2018-10-05,158.6999969482422,154.72999572753906,154.13430786132812,1948300.0
DE,2018-10-08,155.41000366210938,152.07000732421875,151.59170532226562,2863700.0
DE,2018-10-09,153.72999572753906,150.11000061035156,148.2705078125,2107400.0
DE,2018-10-10,150.7100067138672,146.55999755859375,145.32383728027344,2861400.0
DE,2018-10-11,151.0,145.5,144.34815979003906,3309500.0
DE,2018-10-12,150.0,145.85000610351562,146.26991271972656,1881000.0
DE,2018-10-15,150.11000061035156,147.55999755859375,146.2994842529297,1678300.0
DE,2018-10-16,152.32000732421875,148.2100067138672,149.75865173339844,2124500.0
DE,2018-10-17,152.47999572753906,149.42999267578125,149.44326782226562,1516000.0
DE,2018-10-18,151.05999755859375,145.7100067138672,145.06759643554688,2491800.0
DE,2018-10-19,149.0,145.3699951171875,143.79629516601562,1901500.0
DE,2018-10-22,146.9499969482422,144.3300018310547,143.3330841064453,1702300.0
DE,2018-10-23,141.30999755859375,136.6699981689453,137.6072540283203,5166900.0
DE,2018-10-24,140.36000061035156,133.55999755859375,131.95040893554688,3731500.0
DE,2018-10-25,138.30999755859375,134.3300018310547,134.7985382080078,1854400.0
DE,2018-10-26,135.30999755859375,131.60000610351562,131.07330322265625,4771000.0
DE,2018-10-29,135.7899932861328,128.32000732421875,128.66864013671875,3274800.0
DE,2018-10-30,132.9600067138672,129.2899932861328,130.83677673339844,2347600.0
DE,2018-10-31,137.0399932861328,134.6199951171875,133.47796630859375,2018200.0
DE,2018-11-01,141.13999938964844,135.60000610351562,138.6124725341797,2954000.0
DE,2018-11-02,143.97000122070312,141.1699981689453,139.66697692871094,2938000.0
DE,2018-11-05,143.52000427246094,141.8699951171875,140.58349609375,1576800.0
DE,2018-11-06,145.50999450683594,142.08999633789062,143.36265563964844,1729500.0
DE,2018-11-07,149.77999877929688,145.75999450683594,146.27976989746094,2161700.0
DE,2018-11-08,148.17999267578125,145.0399932861328,144.54527282714844,1899400.0
DE,2018-11-09,145.67999267578125,143.0399932861328,142.7122039794922,2581600.0
DE,2018-11-12,145.94000244140625,143.5500030517578,142.47569274902344,1562800.0
DE,2018-11-13,150.07000732421875,145.0399932861328,145.09715270996094,3540500.0
DE,2018-11-14,150.24000549316406,145.16000366210938,145.08731079101562,1824100.0
DE,2018-11-15,147.75,142.5,144.5748291015625,3015400.0
DE,2018-11-16,148.22999572753906,145.2100067138672,145.72787475585938,2327300.0
DE,2018-11-19,148.1699981689453,142.10000610351562,140.50466918945312,2912400.0
DE,2018-11-20,140.47000122070312,135.8699951171875,136.51333618164062,3701400.0
DE,2018-11-21,146.47999572753906,136.55999755859375,139.82467651367188,4987600.0
DE,2018-11-23,143.44000244140625,139.74000549316406,140.770751953125,1192500.0
DE,2018-11-26,149.14999389648438,144.36000061035156,146.76268005371094,4361700.0
DE,2018-11-27,148.94000244140625,146.64999389648438,145.66876220703125,1753800.0
DE,2018-11-28,152.02000427246094,147.0399932861328,149.8079071044922,2421700.0
DE,2018-11-29,152.49000549316406,149.08999633789062,147.79745483398438,2236700.0
DE,2018-11-30,155.32000732421875,149.7899932861328,152.63633728027344,2534900.0
DE,2018-12-03,164.3699951171875,161.1300048828125,159.8601531982422,5132000.0
DE,2018-12-04,161.0,151.30999755859375,149.3939971923828,3549300.0
DE,2018-12-06,154.49000549316406,146.57000732421875,152.15342712402344,4595900.0
DE,2018-12-07,154.72000122070312,146.30999755859375,145.126708984375,3005600.0
DE,2018-12-10,148.14999389648438,143.85000610351562,144.90003967285156,1791400.0
DE,2018-12-11,151.8699951171875,145.94000244140625,144.87049865722656,1818800.0
DE,2018-12-12,151.58999633789062,148.0,145.99398803710938,1863500.0
DE,2018-12-13,150.47000122070312,147.77000427246094,146.16151428222656,1733900.0
DE,2018-12-14,149.50999450683594,146.30999755859375,146.8513641357422,1967900.0
DE,2018-12-17,150.0500030517578,145.0,143.9638214111328,2504000.0
DE,2018-12-18,150.85000610351562,147.8300018310547,147.06817626953125,2846200.0
DE,2018-12-19,152.0,144.30999755859375,143.9638214111328,3173200.0
DE,2018-12-20,148.35000610351562,142.60000610351562,142.54469299316406,2822800.0
DE,2018-12-21,147.0800018310547,142.47000122070312,140.9185791015625,3931500.0
DE,2018-12-24,142.33999633789062,137.3800048828125,135.38986206054688,1444700.0
DE,2018-12-26,143.32000732421875,136.1300048828125,141.1945343017578,2267400.0
DE,2018-12-27,146.72000122070312,140.1699981689453,144.59454345703125,2457300.0
DE,2018-12-28,147.9600067138672,144.49000549316406,143.9208984375,1597100.0
DE,2018-12-31,149.24000549316406,146.22000122070312,147.77450561523438,1954600.0
DE,2019-01-02,149.66000366210938,146.22999572753906,146.71453857421875,1987700.0
DE,2019-01-03,147.66000366210938,142.6999969482422,142.70242309570312,2047200.0
DE,2019-01-04,151.75999450683594,146.85000610351562,150.26101684570312,2549100.0
DE,2019-01-07,155.94000244140625,150.88999938964844,152.71783447265625,2947400.0
DE,2019-01-08,157.88999938964844,154.02000427246094,155.45201110839844,3124800.0
DE,2019-01-09,157.89999389648438,153.5,152.88624572753906,3134300.0
DE,2019-01-10,159.42999267578125,151.49000549316406,157.6314239501953,2693600.0
DE,2019-01-11,159.7899932861328,156.61000061035156,156.79928588867188,2039000.0
DE,2019-01-14,158.33999633789062,155.83999633789062,155.93743896484375,1364900.0
DE,2019-01-15,158.75,155.75999450683594,155.58079528808594,1369100.0
DE,2019-01-16,158.69000244140625,156.9199981689453,155.93743896484375,1457300.0
DE,2019-01-17,161.63999938964844,156.25,158.5725555419922,2155100.0
DE,2019-01-18,166.19000244140625,161.83999633789062,163.070068359375,3879800.0
DE,2019-01-22,163.0,157.3800048828125,157.3540496826172,2076500.0
DE,2019-01-23,160.6999969482422,156.25,156.13555908203125,1780800.0
DE,2019-01-24,159.08999633789062,157.07000732421875,156.9478759765625,1602100.0
DE,2019-01-25,162.82000732421875,159.8699951171875,159.98916625976562,1826400.0
DE,2019-01-28,158.4199981689453,155.1999969482422,155.0260467529297,2199400.0
DE,2019-01-29,160.94000244140625,156.80999755859375,158.9787139892578,2199700.0
DE,2019-01-30,163.67999267578125,160.07000732421875,161.385986328125,1988800.0
DE,2019-01-31,164.8800048828125,160.17999267578125,162.4657745361328,3118800.0
DE,2019-02-01,164.36000061035156,162.9600067138672,162.34690856933594,1704300.0
DE,2019-02-04,164.8800048828125,162.33999633789062,162.97100830078125,1907900.0
DE,2019-02-05,164.99000549316406,163.00999450683594,162.673828125,1574600.0
DE,2019-02-06,164.91000366210938,163.0,162.14877319335938,1660500.0
DE,2019-02-07,163.8000030517578,160.11000061035156,160.286376953125,2488100.0
DE,2019-02-08,162.7899932861328,160.25,161.22747802734375,1628300.0
DE,2019-02-11,164.24000549316406,161.92999267578125,160.42506408691406,1843900.0
DE,2019-02-12,165.91000366210938,162.91000366210938,163.6446533203125,1894400.0
DE,2019-02-13,164.5,162.07000732421875,161.1779327392578,2777700.0
DE,2019-02-14,163.41000366210938,160.55999755859375,160.90057373046875,2029700.0
DE,2019-02-15,163.39999389648438,157.30999755859375,157.50265502929688,7578600.0
DE,2019-02-19,158.8000030517578,156.05999755859375,155.788818359375,2971500.0
DE,2019-02-20,160.6199951171875,153.8300018310547,158.38433837890625,3349200.0
DE,2019-02-21,164.3000030517578,159.97000122070312,161.3265380859375,2838500.0
DE,2019-02-22,166.0,163.0,164.41734313964844,1967200.0
DE,2019-02-25,167.82000732421875,164.77999877929688,163.3177490234375,2502700.0
DE,2019-02-26,165.0500030517578,162.80999755859375,162.2676544189453,1623700.0
DE,2019-02-27,163.75999450683594,162.35000610351562,162.0596160888672,1850500.0
DE,2019-02-28,165.02999877929688,162.5,162.50540161132812,1778000.0
DE,2019-03-01,165.9600067138672,162.74000549316406,161.7822265625,1668900.0
DE,2019-03-04,167.02000427246094,164.14999389648438,164.26876831054688,2663100.0
DE,2019-03-05,165.75999450683594,161.39999389648438,159.93963623046875,1965900.0
DE,2019-03-06,161.30999755859375,157.82000732421875,156.75967407226562,2229700.0
DE,2019-03-07,158.3300018310547,155.5399932861328,156.54173278808594,2051300.0
DE,2019-03-08,159.97999572753906,155.8800048828125,157.5224609375,1757300.0
DE,2019-03-11,160.66000366210938,158.6300048828125,158.91928100585938,1340300.0
DE,2019-03-12,161.0,158.72000122070312,157.6512451171875,1553100.0
DE,2019-03-13,160.97999572753906,158.80999755859375,158.18618774414062,1661800.0
DE,2019-03-14,159.24000549316406,156.9600067138672,156.28414916992188,1596800.0
DE,2019-03-15,159.33999633789062,157.39999389648438,156.67050170898438,2386300.0
DE,2019-03-18,160.49000549316406,157.57000732421875,158.80039978027344,1962400.0
DE,2019-03-19,163.16000366210938,160.07000732421875,159.46412658691406,1685400.0
DE,2019-03-20,161.5,158.02000427246094,158.1663818359375,2017100.0
DE,2019-03-21,160.67999267578125,158.5,158.2357177734375,1082200.0
DE,2019-03-22,158.9499969482422,155.25999450683594,154.48118591308594,2177400.0
DE,2019-03-25,158.25,155.99000549316406,155.85818481445312,1137200.0
DE,2019-03-26,158.8699951171875,156.50999450683594,156.1256561279297,1036700.0
DE,2019-03-27,158.55999755859375,156.0800018310547,156.78939819335938,1068200.0
DE,2019-03-28,158.5,156.72999572753906,157.35678100585938,1123300.0
DE,2019-03-29,161.1999969482422,158.47999572753906,159.1087188720703,1862600.0
DE,2019-04-01,163.0800018310547,160.67999267578125,161.1692657470703,1371400.0
DE,2019-04-02,162.7100067138672,160.8300018310547,161.3782958984375,1184300.0
DE,2019-04-03,164.05999755859375,162.1699981689453,162.64248657226562,1356100.0
DE,2019-04-04,164.77999877929688,163.33999633789062,163.4886016845703,1197200.0
DE,2019-04-05,165.4499969482422,164.2100067138672,164.2749786376953,1294600.0
DE,2019-04-08,165.0399932861328,163.19000244140625,164.2451171875,1133300.0
DE,2019-04-09,162.41000366210938,158.4600067138672,158.1033477783203,2451000.0
DE,2019-04-10,159.63999938964844,155.75999450683594,157.90426635742188,2746800.0
DE,2019-04-11,160.3000030517578,157.89999389648438,159.42727661132812,1162200.0
DE,2019-04-12,162.32000732421875,159.89999389648438,160.72132873535156,1220200.0
DE,2019-04-15,162.58999633789062,161.3800048828125,161.74661254882812,1062500.0
DE,2019-04-16,165.24000549316406,162.3699951171875,163.80712890625,1310200.0
DE,2019-04-17,165.7899932861328,163.85000610351562,164.69305419921875,1350700.0
DE,2019-04-18,169.99000549316406,165.72000122070312,168.27659606933594,2215500.0
DE,2019-04-22,169.9600067138672,167.89999389648438,168.37612915039062,1376600.0
DE,2019-04-23,169.3000030517578,167.47999572753906,166.99249267578125,1891200.0
DE,2019-04-24,167.72000122070312,165.25999450683594,164.55369567871094,1463400.0
DE,2019-04-25,164.52999877929688,161.24000549316406,161.06971740722656,1256600.0
DE,2019-04-26,165.02999877929688,161.61000061035156,164.25506591796875,988500.0
DE,2019-04-29,166.6300048828125,165.05999755859375,165.5292205810547,889700.0
DE,2019-04-30,166.6699981689453,163.33999633789062,164.8722381591797,1573700.0
DE,2019-05-01,167.32000732421875,164.5399932861328,163.78721618652344,1327400.0
DE,2019-05-02,166.64999389648438,162.14999389648438,163.369140625,1702400.0
DE,2019-05-03,167.22999572753906,164.4499969482422,166.14639282226562,1050800.0
DE,2019-05-06,161.5,158.1300048828125,159.44717407226562,2913100.0
DE,2019-05-07,158.8800048828125,155.3000030517578,157.03823852539062,2182200.0
DE,2019-05-08,157.7899932861328,155.35000610351562,154.878173828125,1806400.0
DE,2019-05-09,156.3000030517578,151.7899932861328,154.7686767578125,2026000.0
DE,2019-05-10,156.33999633789062,151.97000122070312,155.33607482910156,1753700.0
DE,2019-05-13,150.5399932861328,145.17999267578125,145.6107635498047,3172500.0
DE,2019-05-14,148.92999267578125,145.4499969482422,146.4369659423828,2325400.0
DE,2019-05-15,146.61000061035156,144.02000427246094,144.17735290527344,2330500.0
DE,2019-05-16,148.05999755859375,145.0,145.3220977783203,2893400.0
DE,2019-05-17,141.3699951171875,133.1699981689453,134.2032012939453,7817500.0
DE,2019-05-20,136.0,132.67999267578125,134.75067138671875,3715300.0
DE,2019-05-21,139.5,136.55999755859375,138.25457763671875,3567300.0
DE,2019-05-22,140.0800018310547,137.72000122070312,138.14508056640625,2626800.0
DE,2019-05-23,137.80999755859375,135.4499969482422,135.84564208984375,2584400.0
DE,2019-05-24,139.39999389648438,137.42999267578125,138.31430053710938,2597200.0
DE,2019-05-28,140.47000122070312,137.5500030517578,136.9406280517578,2054400.0
DE,2019-05-29,141.3699951171875,136.5399932861328,140.4843292236328,3013000.0
DE,2019-05-30,143.6999969482422,141.30999755859375,141.03179931640625,3110600.0
DE,2019-05-31,140.75999450683594,137.8000030517578,139.52871704101562,2206600.0
DE,2019-06-03,143.8000030517578,139.5399932861328,142.6344451904297,2213600.0
DE,2019-06-04,146.5800018310547,143.88999938964844,144.9537811279297,1872000.0
DE,2019-06-05,146.9499969482422,144.16000366210938,145.55104064941406,1634100.0
DE,2019-06-06,147.1699981689453,144.83999633789062,145.81980895996094,1391300.0
DE,2019-06-07,149.1999969482422,146.55999755859375,148.0296630859375,1555800.0
DE,2019-06-10,151.22999572753906,149.64999389648438,149.12461853027344,1708500.0
DE,2019-06-11,152.55999755859375,148.85000610351562,149.31375122070312,2019800.0
DE,2019-06-12,149.85000610351562,147.7100067138672,148.10928344726562,1344100.0
DE,2019-06-13,152.24000549316406,149.0,150.8367462158203,1192500.0
DE,2019-06-14,152.10000610351562,149.52000427246094,150.81683349609375,1013500.0
DE,2019-06-17,155.1999969482422,152.25999450683594,153.66375732421875,1742200.0
DE,2019-06-18,159.97000122070312,155.50999450683594,158.6508331298828,2617000.0
DE,2019-06-19,161.4600067138672,159.07000732421875,159.20826721191406,1671100.0
DE,2019-06-20,163.1300048828125,160.85000610351562,162.01536560058594,1945100.0
DE,2019-06-21,164.6999969482422,162.11000061035156,163.52841186523438,2380800.0
DE,2019-06-24,168.3800048828125,164.89999389648438,166.1165313720703,2582200.0
DE,2019-06-25,167.38999938964844,165.91000366210938,165.54913330078125,2084800.0
DE,2019-06-26,166.5800018310547,165.6300048828125,165.36000061035156,2025700.0
DE,2019-06-27,165.47000122070312,163.6999969482422,164.82000732421875,2072100.0
DE,2019-06-28,167.05999755859375,164.8300018310547,165.7100067138672,6514900.0
DE,2019-07-01,168.8699951171875,162.9499969482422,165.13999938964844,2427600.0
DE,2019-07-02,165.6699981689453,164.08999633789062,165.1300048828125,1371000.0
DE,2019-07-03,165.8300018310547,162.7899932861328,165.2899932861328,918600.0
DE,2019-07-05,164.0,161.55999755859375,163.4199981689453,1291700.0
DE,2019-07-08,164.6699981689453,162.00999450683594,163.88999938964844,1384000.0
DE,2019-07-09,163.61000061035156,161.11000061035156,163.35000610351562,1486000.0
DE,2019-07-10,163.1300048828125,160.6199951171875,160.80999755859375,1753200.0
DE,2019-07-11,161.3000030517578,159.3699951171875,161.25999450683594,2012800.0
DE,2019-07-12,165.41000366210938,162.11000061035156,165.3699951171875,2268500.0
DE,2019-07-15,167.80999755859375,165.2899932861328,166.0,1983700.0
DE,2019-07-16,166.60000610351562,164.75,166.14999389648438,1345100.0
DE,2019-07-17,166.5800018310547,163.0800018310547,163.0800018310547,1368200.0
