,,high,low,adjclose,volume
RBC,2012-01-03,53.0099983215332,52.11000061035156,47.44464874267578,205200.0
RBC,2012-01-04,52.36000061035156,51.34000015258789,47.1457405090332,170700.0
RBC,2012-01-05,53.20000076293945,51.06999969482422,48.13304138183594,197600.0
RBC,2012-01-06,54.38999938964844,52.75,48.83049774169922,304000.0
RBC,2012-01-09,54.599998474121094,53.7599983215332,49.14752197265625,158200.0
RBC,2012-01-10,55.810001373291016,54.91999816894531,50.306922912597656,169800.0
RBC,2012-01-11,55.95000076293945,55.0,50.352203369140625,141100.0
RBC,2012-01-12,56.61000061035156,54.709999084472656,51.16740036010742,263800.0
RBC,2012-01-13,56.0099983215332,54.79999923706055,50.03518295288086,173200.0
RBC,2012-01-17,56.040000915527344,54.93000030517578,49.96272659301758,180500.0
RBC,2012-01-18,54.86000061035156,52.25,49.60041427612305,503800.0
RBC,2012-01-19,57.0099983215332,55.61000061035156,51.43913650512695,665300.0
RBC,2012-01-20,57.04999923706055,56.099998474121094,51.08588790893555,358500.0
RBC,2012-01-23,57.209999084472656,56.38999938964844,51.52971267700195,303900.0
RBC,2012-01-24,57.09000015258789,55.869998931884766,51.64747619628906,671600.0
RBC,2012-01-25,56.86000061035156,55.540000915527344,51.26704788208008,292700.0
RBC,2012-01-26,57.209999084472656,55.959999084472656,51.00436019897461,182200.0
RBC,2012-01-27,56.810001373291016,56.08000183105469,51.23080062866211,199500.0
RBC,2012-01-30,57.459999084472656,55.84000015258789,51.83768844604492,398200.0
RBC,2012-01-31,57.810001373291016,56.650001525878906,51.4210205078125,288700.0
RBC,2012-02-01,58.65999984741211,57.040000915527344,53.1329460144043,320900.0
RBC,2012-02-02,59.75,58.4900016784668,54.04777145385742,343200.0
RBC,2012-02-03,62.939998626708984,60.349998474121094,55.82310485839844,534100.0
RBC,2012-02-06,62.86000061035156,60.810001373291016,55.90463638305664,891400.0
RBC,2012-02-07,69.30999755859375,62.529998779296875,59.781349182128906,2023600.0
RBC,2012-02-08,68.93000030517578,66.05999755859375,62.24507141113281,721100.0
RBC,2012-02-09,69.44999694824219,67.58000183105469,61.99146270751953,538600.0
RBC,2012-02-10,68.7300033569336,67.33000183105469,62.16356658935547,357700.0
RBC,2012-02-13,69.54000091552734,68.30999755859375,62.96969985961914,269700.0
RBC,2012-02-14,69.62999725341797,68.5199966430664,62.770416259765625,361800.0
RBC,2012-02-15,69.83000183105469,68.3499984741211,62.254112243652344,284300.0
RBC,2012-02-16,69.5199966430664,68.56999969482422,62.842872619628906,215700.0
RBC,2012-02-17,70.0,69.12999725341797,63.0783805847168,229600.0
RBC,2012-02-21,70.98999786376953,69.56999969482422,63.73959732055664,471700.0
RBC,2012-02-22,70.48999786376953,69.19999694824219,63.114627838134766,283100.0
RBC,2012-02-23,69.5,68.06999969482422,62.32658004760742,313600.0
RBC,2012-02-24,69.94999694824219,68.72000122070312,62.47152328491211,329400.0
RBC,2012-02-27,69.63999938964844,67.7300033569336,62.31753921508789,321400.0
RBC,2012-02-28,69.30000305175781,67.86000061035156,61.855587005615234,284400.0
RBC,2012-02-29,68.70999908447266,67.38999938964844,61.1400260925293,478000.0
RBC,2012-03-01,68.25,67.29000091552734,61.194366455078125,530500.0
RBC,2012-03-02,68.0199966430664,66.97000122070312,61.03132629394531,404400.0
RBC,2012-03-05,67.2300033569336,66.27999877929688,60.551265716552734,277500.0
RBC,2012-03-06,66.51000213623047,64.05999755859375,58.27775955200195,576400.0
RBC,2012-03-07,65.13999938964844,64.23999786376953,58.594791412353516,420800.0
RBC,2012-03-08,66.1500015258789,64.55000305175781,59.79945755004883,416400.0
RBC,2012-03-09,67.5199966430664,66.06999969482422,60.40634536743164,525600.0
RBC,2012-03-12,67.1500015258789,65.87999725341797,59.980628967285156,223900.0
RBC,2012-03-13,67.83999633789062,66.27999877929688,61.42987060546875,361300.0
RBC,2012-03-14,67.95999908447266,67.30999755859375,61.29399490356445,357000.0
RBC,2012-03-15,69.0999984741211,67.70999908447266,62.37187576293945,293000.0
RBC,2012-03-16,69.19000244140625,68.38999938964844,62.18166732788086,364100.0
RBC,2012-03-19,69.12000274658203,68.18000030517578,62.09108352661133,346700.0
RBC,2012-03-20,68.01000213623047,66.6500015258789,60.95887756347656,300600.0
RBC,2012-03-21,67.48999786376953,66.4800033569336,60.795814514160156,308400.0
RBC,2012-03-22,66.63999938964844,64.5199966430664,59.20166015625,350100.0
RBC,2012-03-23,65.97000122070312,64.77999877929688,59.518672943115234,234000.0
RBC,2012-03-26,67.05000305175781,65.77999877929688,60.49690246582031,281600.0
RBC,2012-03-27,67.1500015258789,66.29000091552734,60.134605407714844,267300.0
RBC,2012-03-28,66.05000305175781,64.88999938964844,59.74406051635742,326600.0
RBC,2012-03-29,66.3499984741211,64.80000305175781,60.06195831298828,302300.0
RBC,2012-03-30,66.4000015258789,65.19999694824219,59.53517150878906,638100.0
RBC,2012-04-02,65.73999786376953,64.69999694824219,59.31718444824219,477200.0
RBC,2012-04-03,65.44999694824219,64.33999633789062,58.908477783203125,319100.0
RBC,2012-04-04,64.27999877929688,63.369998931884766,58.091068267822266,260200.0
RBC,2012-04-05,64.19000244140625,63.54999923706055,57.92757797241211,215500.0
RBC,2012-04-09,63.16999816894531,62.25,57.11016082763672,178200.0
RBC,2012-04-10,62.900001525878906,61.369998931884766,55.84770584106445,242600.0
RBC,2012-04-11,62.54999923706055,61.72999954223633,56.45623016357422,231900.0
RBC,2012-04-12,64.18000030517578,61.959999084472656,58.181888580322266,226600.0
RBC,2012-04-13,63.88999938964844,63.13999938964844,57.66419982910156,286200.0
RBC,2012-04-16,64.12999725341797,63.0099983215332,58.018402099609375,387600.0
RBC,2012-04-17,65.70999908447266,63.91999816894531,58.98114013671875,386200.0
RBC,2012-04-18,64.68000030517578,64.01000213623047,58.41802978515625,342600.0
RBC,2012-04-19,64.91999816894531,63.79999923706055,58.35445022583008,271200.0
RBC,2012-04-20,65.1500015258789,64.33999633789062,58.744991302490234,298900.0
RBC,2012-04-23,64.18000030517578,63.369998931884766,58.20005416870117,307400.0
RBC,2012-04-24,65.69000244140625,63.84000015258789,59.53517150878906,395700.0
RBC,2012-04-25,66.68000030517578,65.87000274658203,60.48881530761719,374100.0
RBC,2012-04-26,67.26000213623047,66.1500015258789,60.6613655090332,664900.0
RBC,2012-04-27,68.16999816894531,66.2699966430664,61.8511848449707,386300.0
RBC,2012-04-30,68.3499984741211,67.2699966430664,61.43338394165039,335600.0
RBC,2012-05-01,69.22000122070312,67.19000244140625,61.814842224121094,308700.0
RBC,2012-05-02,67.05000305175781,63.20000076293945,58.59968566894531,934200.0
RBC,2012-05-03,64.80000305175781,63.130001068115234,57.7277717590332,457300.0
RBC,2012-05-04,63.15999984741211,61.90999984741211,56.36540985107422,354700.0
RBC,2012-05-07,62.45000076293945,61.68000030517578,56.238258361816406,113000.0
RBC,2012-05-08,62.02000045776367,61.0,56.238258361816406,336400.0
RBC,2012-05-09,62.08000183105469,60.65999984741211,55.92036437988281,153000.0
RBC,2012-05-10,62.22999954223633,61.2599983215332,56.02028274536133,127700.0
RBC,2012-05-11,62.7599983215332,60.95000076293945,56.111106872558594,123000.0
RBC,2012-05-14,61.33000183105469,60.130001068115234,54.739654541015625,106000.0
RBC,2012-05-15,60.65999984741211,59.52000045776367,54.36727523803711,164000.0
RBC,2012-05-16,60.97999954223633,59.380001068115234,54.0130615234375,246400.0
RBC,2012-05-17,59.34000015258789,57.88999938964844,52.83235168457031,286300.0
RBC,2012-05-18,59.09000015258789,57.81999969482422,52.677955627441406,239700.0
RBC,2012-05-21,59.209999084472656,57.849998474121094,53.64069366455078,160900.0
RBC,2012-05-22,59.84000015258789,58.959999084472656,54.12206268310547,187000.0
RBC,2012-05-23,60.41999816894531,58.52000045776367,54.803226470947266,207000.0
RBC,2012-05-24,60.869998931884766,59.65999984741211,55.25735092163086,164000.0
RBC,2012-05-25,60.83000183105469,60.2400016784668,54.98488235473633,178100.0
RBC,2012-05-29,62.18000030517578,61.11000061035156,56.347251892089844,159700.0
RBC,2012-05-30,61.20000076293945,60.18000030517578,55.11203384399414,156500.0
RBC,2012-05-31,60.650001525878906,58.88999938964844,54.75783157348633,277100.0
RBC,2012-06-01,59.779998779296875,58.790000915527344,53.59526443481445,224700.0
RBC,2012-06-04,59.040000915527344,56.880001068115234,51.8060417175293,255200.0
RBC,2012-06-05,57.369998931884766,56.20000076293945,52.00585174560547,470600.0
RBC,2012-06-06,60.119998931884766,57.650001525878906,54.558006286621094,318000.0
RBC,2012-06-07,62.04999923706055,60.810001373291016,55.39358139038086,340000.0
RBC,2012-06-08,61.900001525878906,60.38999938964844,56.074771881103516,107700.0
RBC,2012-06-11,62.41999816894531,60.20000076293945,54.67609786987305,336000.0
RBC,2012-06-12,62.060001373291016,60.29999923706055,56.347251892089844,271800.0
RBC,2012-06-13,62.5,61.119998931884766,56.074771881103516,221200.0
RBC,2012-06-14,62.529998779296875,61.72999954223633,56.592464447021484,167700.0
RBC,2012-06-15,62.58000183105469,61.54999923706055,56.16559600830078,252400.0
RBC,2012-06-18,62.54999923706055,61.0,56.52889633178711,143100.0
RBC,2012-06-19,63.290000915527344,61.959999084472656,57.26455307006836,266600.0
RBC,2012-06-20,63.77000045776367,62.77000045776367,57.527950286865234,220200.0
RBC,2012-06-21,63.7599983215332,61.529998779296875,55.938533782958984,163700.0
RBC,2012-06-22,62.81999969482422,61.61000061035156,56.801361083984375,219100.0
RBC,2012-06-25,61.650001525878906,60.29999923706055,54.794158935546875,154000.0
RBC,2012-06-26,60.959999084472656,59.5099983215332,54.24013137817383,258200.0
RBC,2012-06-27,60.47999954223633,58.310001373291016,54.868804931640625,212300.0
RBC,2012-06-28,60.540000915527344,59.099998474121094,55.123931884765625,136900.0
RBC,2012-06-29,62.34000015258789,61.25,56.7275276184082,233500.0
RBC,2012-07-02,62.79999923706055,61.66999816894531,56.69108963012695,207500.0
RBC,2012-07-03,62.790000915527344,62.099998474121094,57.14665222167969,178000.0
RBC,2012-07-05,63.43000030517578,62.099998474121094,57.31977462768555,160400.0
RBC,2012-07-06,64.45999908447266,61.68000030517578,57.75712203979492,364500.0
RBC,2012-07-09,63.84000015258789,62.81999969482422,58.103355407714844,302500.0
RBC,2012-07-10,64.51000213623047,63.15999984741211,57.766239166259766,301900.0
RBC,2012-07-11,63.65999984741211,62.650001525878906,57.52022171020508,210900.0
RBC,2012-07-12,63.38999938964844,62.119998931884766,57.45646286010742,223100.0
RBC,2012-07-13,65.08000183105469,63.34000015258789,59.196720123291016,201800.0
RBC,2012-07-16,64.68000030517578,63.900001525878906,58.56803894042969,261100.0
RBC,2012-07-17,65.83999633789062,64.19999694824219,59.8436393737793,201000.0
RBC,2012-07-18,67.55999755859375,65.12000274658203,60.87321853637695,234900.0
RBC,2012-07-19,68.19000244140625,66.9000015258789,61.54747772216797,311200.0
RBC,2012-07-20,67.5,66.5999984741211,60.69099807739258,131000.0
RBC,2012-07-23,66.79000091552734,64.62000274658203,60.53610610961914,234300.0
RBC,2012-07-24,66.48999786376953,65.33000183105469,59.980308532714844,206900.0
RBC,2012-07-25,66.37000274658203,63.459999084472656,57.893795013427734,682900.0
RBC,2012-07-26,64.93000030517578,63.810001373291016,59.0327262878418,334900.0
RBC,2012-07-27,66.0199966430664,65.05000305175781,59.615848541259766,284200.0
RBC,2012-07-30,65.91000366210938,65.08999633789062,59.52473831176758,205800.0
RBC,2012-07-31,65.44000244140625,64.31999969482422,58.6500358581543,245900.0
RBC,2012-08-01,64.22000122070312,61.0,57.9940185546875,522400.0
RBC,2012-08-02,63.900001525878906,62.470001220703125,57.684234619140625,180100.0
RBC,2012-08-03,65.87000274658203,63.939998626708984,59.87096405029297,198600.0
RBC,2012-08-06,66.62999725341797,65.47000122070312,60.08052444458008,164600.0
RBC,2012-08-07,67.87000274658203,66.19999694824219,61.219451904296875,185700.0
RBC,2012-08-08,67.52999877929688,65.76000213623047,61.219451904296875,167200.0
RBC,2012-08-09,67.54000091552734,66.62000274658203,61.36521911621094,146300.0
RBC,2012-08-10,68.13999938964844,66.79000091552734,61.984798431396484,153000.0
RBC,2012-08-13,67.88999938964844,67.12000274658203,61.63856887817383,106100.0
RBC,2012-08-14,68.41999816894531,67.62999725341797,62.09414291381836,124000.0
RBC,2012-08-15,68.37999725341797,67.05999755859375,62.10325241088867,174100.0
RBC,2012-08-16,69.51000213623047,68.0199966430664,63.178409576416016,172600.0
RBC,2012-08-17,70.13999938964844,68.51000213623047,63.8435173034668,116700.0
RBC,2012-08-20,70.26000213623047,69.19000244140625,63.670413970947266,108900.0
RBC,2012-08-21,70.41000366210938,69.08999633789062,63.424415588378906,188600.0
RBC,2012-08-22,70.08000183105469,68.8499984741211,63.387969970703125,230100.0
RBC,2012-08-23,70.51000213623047,68.81999969482422,62.79572296142578,363800.0
RBC,2012-08-24,69.48999786376953,68.33000183105469,62.941497802734375,220500.0
RBC,2012-08-27,69.55000305175781,67.9800033569336,62.823062896728516,219700.0
RBC,2012-08-28,68.97000122070312,68.16999816894531,62.504154205322266,177300.0
RBC,2012-08-29,68.87000274658203,67.88999938964844,62.130592346191406,134000.0
RBC,2012-08-30,68.05999755859375,66.81999969482422,61.40168762207031,184100.0
RBC,2012-08-31,68.4800033569336,67.41999816894531,62.01213836669922,162900.0
RBC,2012-09-04,69.06999969482422,66.48999786376953,62.72283172607422,232200.0
RBC,2012-09-05,69.54000091552734,68.33999633789062,62.549713134765625,148200.0
RBC,2012-09-06,70.73999786376953,69.25,64.24443054199219,143300.0
RBC,2012-09-07,70.9800033569336,70.37999725341797,64.50867462158203,147100.0
RBC,2012-09-10,71.2699966430664,70.20999908447266,64.59976959228516,175000.0
RBC,2012-09-11,71.91000366210938,70.94000244140625,64.68177795410156,391100.0
RBC,2012-09-12,71.45999908447266,70.11000061035156,64.9368896484375,200800.0
RBC,2012-09-13,72.80000305175781,70.55999755859375,65.71138000488281,205300.0
RBC,2012-09-14,73.0,71.44999694824219,66.1031723022461,172300.0
RBC,2012-09-17,72.61000061035156,71.4800033569336,65.32868957519531,158900.0
RBC,2012-09-18,72.31999969482422,71.05999755859375,65.78424835205078,251700.0
RBC,2012-09-19,73.52999877929688,71.9800033569336,66.8229751586914,182800.0
RBC,2012-09-20,75.0,72.5,68.33545684814453,670200.0
RBC,2012-09-21,75.5999984741211,72.77999877929688,66.5860595703125,549900.0
RBC,2012-09-24,73.06999969482422,70.5199966430664,66.19427490234375,332700.0
RBC,2012-09-25,73.26000213623047,70.75,64.59976959228516,510100.0
RBC,2012-09-26,70.70999908447266,69.05000305175781,63.25679397583008,198600.0
RBC,2012-09-27,69.97000122070312,69.11000061035156,63.9237060546875,116600.0
RBC,2012-09-28,70.95999908447266,69.20999908447266,64.38966369628906,370100.0
RBC,2012-10-01,70.86000061035156,68.95999908447266,63.30247497558594,377300.0
RBC,2012-10-02,70.05999755859375,68.80000305175781,63.393821716308594,262600.0
RBC,2012-10-03,69.81999969482422,68.22000122070312,62.67210388183594,234500.0
RBC,2012-10-04,68.87999725341797,67.87000274658203,62.80002212524414,289400.0
RBC,2012-10-05,69.6500015258789,68.05000305175781,62.626426696777344,160600.0
RBC,2012-10-08,68.88999938964844,67.80999755859375,62.854827880859375,172200.0
RBC,2012-10-09,69.06999969482422,67.69999694824219,62.06000900268555,212200.0
RBC,2012-10-10,68.08000183105469,66.66000366210938,61.93210220336914,136300.0
RBC,2012-10-11,68.55999755859375,67.37999725341797,61.73112106323242,98500.0
RBC,2012-10-12,67.4800033569336,66.19999694824219,60.79011917114258,154400.0
RBC,2012-10-15,67.29000091552734,65.9000015258789,61.265174865722656,164900.0
RBC,2012-10-16,67.83000183105469,66.87999725341797,61.48445510864258,144300.0
RBC,2012-10-17,68.69000244140625,67.08999633789062,62.462005615234375,259700.0
RBC,2012-10-18,69.58999633789062,67.55999755859375,63.30247497558594,130000.0
RBC,2012-10-19,69.38999938964844,67.69999694824219,61.90470886230469,171500.0
RBC,2012-10-22,68.43000030517578,66.79000091552734,61.63063049316406,109000.0
RBC,2012-10-23,67.33999633789062,66.05000305175781,61.4022216796875,82100.0
RBC,2012-10-24,67.9000015258789,67.0199966430664,61.76764678955078,98700.0
RBC,2012-10-25,68.5,66.55000305175781,61.648902893066406,235200.0
RBC,2012-10-26,67.98999786376953,66.94999694824219,62.10567855834961,228200.0
RBC,2012-10-31,66.52999877929688,63.68000030517578,59.547630310058594,608000.0
RBC,2012-11-01,66.27999877929688,64.4800033569336,59.812583923339844,490100.0
RBC,2012-11-02,66.69999694824219,65.51000213623047,59.85826110839844,281500.0
RBC,2012-11-05,67.62000274658203,65.05999755859375,61.71285629272461,308000.0
RBC,2012-11-06,69.31999969482422,67.26000213623047,63.13804244995117,241700.0
RBC,2012-11-07,68.77999877929688,68.0,62.57162094116211,471200.0
RBC,2012-11-08,68.97000122070312,66.83000183105469,61.21037673950195,228500.0
RBC,2012-11-09,68.66000366210938,65.38999938964844,62.25186538696289,318400.0
RBC,2012-11-12,68.45999908447266,67.13999938964844,61.37480163574219,143100.0
RBC,2012-11-13,68.12999725341797,66.04000091552734,61.08246612548828,348600.0
RBC,2012-11-14,66.88999938964844,65.20999908447266,59.693809509277344,213300.0
RBC,2012-11-15,65.41000366210938,63.779998779296875,58.752811431884766,280100.0
RBC,2012-11-16,65.31999969482422,64.31999969482422,59.38318634033203,246500.0
RBC,2012-11-19,66.30999755859375,64.9800033569336,60.40641403198242,182600.0
RBC,2012-11-20,67.5,65.58000183105469,61.2925910949707,216900.0
RBC,2012-11-21,67.44000244140625,66.41000366210938,61.055057525634766,182500.0
RBC,2012-11-23,67.5999984741211,66.58999633789062,61.44789505004883,96800.0
RBC,2012-11-26,68.26000213623047,66.55999755859375,61.740234375,175300.0
RBC,2012-11-27,69.23999786376953,67.8499984741211,62.13310241699219,382700.0
RBC,2012-11-28,68.75,66.76000213623047,62.78173065185547,162700.0
RBC,2012-11-29,69.38999938964844,68.48999786376953,63.083221435546875,302300.0
RBC,2012-11-30,69.80999755859375,68.69999694824219,63.722721099853516,261600.0
RBC,2012-12-03,70.0,69.05999755859375,63.45781707763672,147300.0
RBC,2012-12-04,69.6500015258789,67.1500015258789,62.626426696777344,521100.0
RBC,2012-12-05,69.0,67.68000030517578,61.950355529785156,360100.0
RBC,2012-12-06,68.4000015258789,67.69999694824219,61.99604415893555,217900.0
RBC,2012-12-07,69.13999938964844,67.75,63.083221435546875,212400.0
RBC,2012-12-10,69.79000091552734,68.80000305175781,63.631378173828125,112300.0
RBC,2012-12-11,70.02999877929688,69.4000015258789,63.631378173828125,199900.0
RBC,2012-12-12,70.26000213623047,69.58999633789062,64.1703872680664,337100.0
RBC,2012-12-13,70.3499984741211,68.13999938964844,63.12890625,1907400.0
RBC,2012-12-14,69.0999984741211,67.86000061035156,62.160484313964844,339000.0
RBC,2012-12-17,69.12999725341797,67.87000274658203,63.15632247924805,342900.0
RBC,2012-12-18,70.87000274658203,69.0999984741211,64.70939636230469,364200.0
RBC,2012-12-19,71.27999877929688,70.33999633789062,64.68199920654297,278100.0
RBC,2012-12-20,71.33999633789062,70.56999969482422,65.11138916015625,262400.0
RBC,2012-12-21,71.16000366210938,69.70999908447266,64.94693756103516,463600.0
RBC,2012-12-24,70.76000213623047,69.9800033569336,64.23436737060547,41300.0
RBC,2012-12-26,70.2699966430664,69.23999786376953,63.65718460083008,139200.0
RBC,2012-12-27,69.97000122070312,68.56999969482422,63.33662033081055,210500.0
RBC,2012-12-28,69.26000213623047,68.55999755859375,62.95184326171875,130600.0
RBC,2012-12-31,70.58999633789062,68.2300033569336,64.55498504638672,163000.0
RBC,2013-01-02,72.51000213623047,71.20999908447266,65.95653533935547,258600.0
RBC,2013-01-03,72.83000183105469,71.97000122070312,66.5702896118164,277400.0
RBC,2013-01-04,73.4000015258789,72.51000213623047,67.1932144165039,202100.0
RBC,2013-01-07,73.4800033569336,73.08000183105469,67.29398345947266,320300.0
RBC,2013-01-08,73.43000030517578,72.25,66.66188049316406,206800.0
RBC,2013-01-09,73.4800033569336,72.58999633789062,66.9733657836914,190700.0
RBC,2013-01-10,73.75,72.91999816894531,67.08332824707031,176100.0
RBC,2013-01-11,73.27999877929688,72.51000213623047,67.04666137695312,489600.0
RBC,2013-01-14,74.18000030517578,73.11000061035156,67.3764419555664,340300.0
RBC,2013-01-15,74.31999969482422,73.37999725341797,67.94440460205078,235700.0
RBC,2013-01-16,74.30000305175781,73.9000015258789,67.81614685058594,163900.0
RBC,2013-01-17,74.0,72.88999938964844,67.74286651611328,489100.0
RBC,2013-01-18,74.19999694824219,73.5999984741211,67.70623016357422,196100.0
RBC,2013-01-22,73.75,73.12999725341797,67.0741195678711,351400.0
RBC,2013-01-23,73.38999938964844,72.9800033569336,67.01000213623047,259600.0
RBC,2013-01-24,73.77999877929688,73.12999725341797,67.1657485961914,171500.0
RBC,2013-01-25,74.68000030517578,73.33999633789062,68.21922302246094,197100.0
RBC,2013-01-28,74.77999877929688,73.5199966430664,68.35665130615234,239300.0
RBC,2013-01-29,74.58999633789062,73.66000366210938,68.27417755126953,173200.0
RBC,2013-01-30,74.5999984741211,73.30999755859375,67.45886993408203,234700.0
RBC,2013-01-31,74.19000244140625,72.88999938964844,67.93525695800781,223700.0
RBC,2013-02-01,75.45999908447266,74.16999816894531,68.65892028808594,336300.0
RBC,2013-02-04,74.80000305175781,73.25,67.18405151367188,319200.0
RBC,2013-02-05,79.6500015258789,74.11000061035156,70.71092224121094,1040800.0
RBC,2013-02-06,78.20999908447266,76.30999755859375,71.6177978515625,501200.0
RBC,2013-02-07,78.73999786376953,77.51000213623047,72.05751037597656,321900.0
RBC,2013-02-08,79.62000274658203,76.7699966430664,72.71708679199219,182500.0
RBC,2013-02-11,79.20999908447266,78.55999755859375,72.35066986083984,171700.0
RBC,2013-02-12,79.37999725341797,78.38999938964844,71.95675659179688,234900.0
RBC,2013-02-13,79.0,78.27999877929688,72.36898803710938,130500.0
RBC,2013-02-14,79.55000305175781,78.51000213623047,72.74457550048828,198000.0
RBC,2013-02-15,80.76000213623047,79.55999755859375,73.32169342041016,258500.0
RBC,2013-02-19,80.58000183105469,79.9000015258789,73.80718994140625,162900.0
RBC,2013-02-20,80.93000030517578,78.66000366210938,72.08502197265625,196700.0
RBC,2013-02-21,78.77999877929688,76.33999633789062,70.25287628173828,490600.0
RBC,2013-02-22,77.69999694824219,76.81999969482422,70.97657775878906,196800.0
RBC,2013-02-25,77.88999938964844,75.5,69.19024658203125,228200.0
RBC,2013-02-26,76.94000244140625,75.37000274658203,70.20709228515625,185200.0
RBC,2013-02-27,78.94000244140625,76.55999755859375,72.00255584716797,251800.0
RBC,2013-02-28,78.69999694824219,77.25,70.79334259033203,170900.0
RBC,2013-03-01,77.62999725341797,76.12999725341797,70.3078384399414,468200.0
RBC,2013-03-04,77.38999938964844,75.94999694824219,70.73838806152344,198500.0
RBC,2013-03-05,78.48999786376953,77.19000244140625,71.5628662109375,117500.0
RBC,2013-03-06,78.68000030517578,78.1500015258789,71.91093444824219,121600.0
RBC,2013-03-07,78.9800033569336,78.5199966430664,72.23157501220703,159400.0
RBC,2013-03-08,80.80000305175781,78.8499984741211,73.8713150024414,226100.0
RBC,2013-03-11,81.0999984741211,80.05999755859375,74.292724609375,148600.0
RBC,2013-03-12,81.62000274658203,80.4000015258789,74.25607299804688,192000.0
RBC,2013-03-13,81.87999725341797,80.9000015258789,74.86067199707031,174700.0
RBC,2013-03-14,83.2699966430664,81.86000061035156,76.27140808105469,194700.0
RBC,2013-03-15,84.06999969482422,82.97000122070312,76.96763610839844,350400.0
RBC,2013-03-18,84.25,82.79000091552734,76.49127960205078,228700.0
RBC,2013-03-19,84.23999786376953,82.5999984741211,76.66533660888672,141600.0
RBC,2013-03-20,84.66999816894531,83.87000274658203,77.56305694580078,218200.0
RBC,2013-03-21,88.25,82.87000274658203,76.06072235107422,195000.0
RBC,2013-03-22,83.94000244140625,83.11000061035156,76.61949920654297,205000.0
RBC,2013-03-25,83.94999694824219,81.13999938964844,74.72813415527344,281400.0
RBC,2013-03-26,82.0999984741211,81.37999725341797,75.05867004394531,176100.0
RBC,2013-03-27,82.0,80.55999755859375,75.1137466430664,249400.0
RBC,2013-03-28,81.98999786376953,81.18000030517578,74.88420867919922,213200.0
RBC,2013-04-01,81.4800033569336,79.80999755859375,73.52534484863281,143600.0
RBC,2013-04-02,80.69999694824219,78.54000091552734,72.25830841064453,261500.0
RBC,2013-04-03,78.72000122070312,76.5999984741211,70.66992950439453,283200.0
RBC,2013-04-04,77.12000274658203,76.16999816894531,70.5964584350586,299500.0
RBC,2013-04-05,76.7300033569336,75.36000061035156,70.14659118652344,243300.0
RBC,2013-04-08,76.80000305175781,75.63999938964844,70.14659118652344,275200.0
RBC,2013-04-09,76.83000183105469,75.69000244140625,70.29346466064453,131100.0
RBC,2013-04-10,77.08999633789062,76.37000274658203,70.60562896728516,385800.0
RBC,2013-04-11,77.9000015258789,76.69000244140625,70.9637222290039,358200.0
RBC,2013-04-12,76.93000030517578,75.19999694824219,69.87110137939453,188200.0
RBC,2013-04-15,76.05999755859375,72.62999725341797,66.99732971191406,351000.0
RBC,2013-04-16,74.30999755859375,73.36000061035156,67.9246597290039,295000.0
RBC,2013-04-17,74.0,72.52999877929688,67.71347045898438,392500.0
RBC,2013-04-18,75.02999877929688,73.56999969482422,67.9246597290039,363700.0
RBC,2013-04-19,74.81999969482422,73.41000366210938,68.6500015258789,210800.0
RBC,2013-04-22,76.79000091552734,74.13999938964844,70.19247436523438,382000.0
RBC,2013-04-23,77.12000274658203,76.0,70.53218841552734,297100.0
RBC,2013-04-24,77.62000274658203,76.29000091552734,70.22919464111328,237900.0
RBC,2013-04-25,77.5199966430664,76.37000274658203,70.52299499511719,234700.0
RBC,2013-04-26,77.30000305175781,76.22000122070312,70.73417663574219,193200.0
RBC,2013-04-29,77.98999786376953,76.98999786376953,71.42279815673828,165600.0
RBC,2013-04-30,78.70999908447266,77.36000061035156,72.18487548828125,285300.0
RBC,2013-05-01,67.98999786376953,62.09000015258789,57.9260139465332,2738200.0
RBC,2013-05-02,65.0,63.709999084472656,59.67048645019531,1107500.0
RBC,2013-05-03,66.58999633789062,65.13999938964844,60.38664245605469,536700.0
RBC,2013-05-06,66.8499984741211,65.43000030517578,61.323158264160156,379900.0
RBC,2013-05-07,68.22000122070312,66.66000366210938,62.636104583740234,428000.0
RBC,2013-05-08,68.70999908447266,67.79000091552734,63.030914306640625,474200.0
RBC,2013-05-09,68.94999694824219,67.5,62.11276626586914,269800.0
RBC,2013-05-10,67.7699966430664,67.23999786376953,61.736331939697266,340400.0
RBC,2013-05-13,67.22000122070312,66.66999816894531,61.44252014160156,239000.0
RBC,2013-05-14,67.63999938964844,66.86000061035156,61.89240646362305,216200.0
RBC,2013-05-15,69.06999969482422,67.83999633789062,62.70038986206055,407200.0
RBC,2013-05-16,68.55999755859375,67.13999938964844,61.7822380065918,295000.0
RBC,2013-05-17,68.19999694824219,67.4000015258789,62.37903594970703,311600.0
RBC,2013-05-20,68.26000213623047,67.5,62.250492095947266,493800.0
RBC,2013-05-21,68.3499984741211,66.48999786376953,61.45170211791992,532800.0
RBC,2013-05-22,67.0199966430664,64.63999938964844,59.73476028442383,564700.0
RBC,2013-05-23,64.86000061035156,63.72999954223633,59.11042404174805,609300.0
RBC,2013-05-24,65.02999877929688,63.86000061035156,59.55112838745117,391000.0
RBC,2013-05-28,66.45999908447266,65.4800033569336,60.359100341796875,334400.0
RBC,2013-05-29,65.6500015258789,64.47000122070312,60.06528854370117,366400.0
RBC,2013-05-30,67.0,65.69000244140625,61.34151077270508,404600.0
RBC,2013-05-31,68.56999969482422,66.4000015258789,61.9842414855957,596200.0
RBC,2013-06-03,68.19999694824219,66.8499984741211,62.58102798461914,736900.0
RBC,2013-06-04,68.75,67.54000091552734,62.12195587158203,762900.0
RBC,2013-06-05,68.30999755859375,67.01000213623047,61.91994857788086,501600.0
RBC,2013-06-06,67.69999694824219,66.88999938964844,61.84649658203125,252200.0
RBC,2013-06-07,68.5999984741211,67.25,62.75545883178711,331100.0
RBC,2013-06-10,68.66999816894531,67.75,63.02173614501953,231400.0
RBC,2013-06-11,67.97000122070312,67.0199966430664,62.1678466796875,422400.0
RBC,2013-06-12,68.38999938964844,66.93000030517578,61.497615814208984,239600.0
RBC,2013-06-13,67.31999969482422,66.52999877929688,61.58942413330078,443100.0
RBC,2013-06-14,67.2300033569336,66.63999938964844,61.561893463134766,148400.0
RBC,2013-06-17,67.5199966430664,66.55000305175781,61.34151077270508,246800.0
RBC,2013-06-18,67.37999725341797,66.66999816894531,61.6628532409668,233400.0
RBC,2013-06-19,67.16000366210938,66.25,60.873260498046875,177900.0
RBC,2013-06-20,65.5,64.01000213623047,59.8173942565918,432400.0
RBC,2013-06-21,65.23999786376953,63.349998474121094,58.62379455566406,702800.0
RBC,2013-06-24,62.95000076293945,61.86000061035156,57.24657440185547,491900.0
RBC,2013-06-25,63.20000076293945,62.47999954223633,57.70565414428711,460500.0
RBC,2013-06-26,64.31999969482422,62.880001068115234,58.77410888671875,606000.0
RBC,2013-06-27,65.70999908447266,64.1500015258789,60.41362762451172,191700.0
RBC,2013-06-28,65.44999694824219,64.80999755859375,59.722816467285156,433300.0
RBC,2013-07-01,65.88999938964844,65.0,60.551788330078125,270600.0
RBC,2013-07-02,65.87000274658203,64.5199966430664,60.04519271850586,393800.0
RBC,2013-07-03,65.30999755859375,64.76000213623047,59.9162483215332,213100.0
RBC,2013-07-05,65.86000061035156,64.83999633789062,60.643890380859375,381600.0
RBC,2013-07-08,66.0999984741211,65.47000122070312,60.505733489990234,279800.0
RBC,2013-07-09,66.54000091552734,65.68000030517578,61.13207244873047,432700.0
RBC,2013-07-10,66.43000030517578,65.0999984741211,60.2017822265625,448700.0
RBC,2013-07-11,66.4000015258789,65.05999755859375,60.18335723876953,550000.0
RBC,2013-07-12,65.9000015258789,65.23999786376953,60.57022476196289,505500.0
RBC,2013-07-15,65.93000030517578,65.36000061035156,60.44124984741211,411700.0
RBC,2013-07-16,65.83000183105469,65.20999908447266,60.36758041381836,431900.0
RBC,2013-07-17,66.55000305175781,65.62000274658203,61.2149658203125,865900.0
RBC,2013-07-18,68.63999938964844,66.54000091552734,62.771583557128906,610800.0
RBC,2013-07-19,68.55000305175781,67.83999633789062,62.78080749511719,193000.0
RBC,2013-07-22,70.06999969482422,68.12999725341797,64.37427520751953,466100.0
RBC,2013-07-23,70.77999877929688,70.1500015258789,64.75192260742188,396200.0
RBC,2013-07-24,70.52999877929688,70.0199966430664,64.82560729980469,505000.0
RBC,2013-07-25,71.05999755859375,69.9000015258789,65.43351745605469,367400.0
RBC,2013-07-26,71.16999816894531,70.6500015258789,65.48877716064453,291000.0
RBC,2013-07-29,71.16000366210938,69.87999725341797,64.43872833251953,571900.0
RBC,2013-07-30,70.91000366210938,70.0,65.07430267333984,678900.0
RBC,2013-07-31,66.94999694824219,63.56999969482422,59.575443267822266,2936600.0
RBC,2013-08-01,66.19999694824219,64.97000122070312,60.44124984741211,1321800.0
RBC,2013-08-02,66.05999755859375,65.12999725341797,60.680728912353516,390000.0
RBC,2013-08-05,66.51000213623047,65.61000061035156,61.261016845703125,421600.0
RBC,2013-08-06,67.16000366210938,66.16999816894531,61.8044548034668,648000.0
RBC,2013-08-07,67.26000213623047,66.91000366210938,61.83208465576172,526200.0
RBC,2013-08-08,67.73999786376953,66.95999908447266,61.69393539428711,303800.0
RBC,2013-08-09,67.13999938964844,66.73999786376953,61.61102294921875,251600.0
RBC,2013-08-12,67.58000183105469,66.33000183105469,61.94261932373047,128500.0
RBC,2013-08-13,67.5199966430664,66.88999938964844,61.9242057800293,239900.0
RBC,2013-08-14,67.36000061035156,66.8499984741211,61.73077392578125,146800.0
RBC,2013-08-15,66.37999725341797,64.8499984741211,60.588623046875,485500.0
RBC,2013-08-16,66.30999755859375,65.58000183105469,60.422828674316406,170200.0
RBC,2013-08-19,65.77999877929688,65.26000213623047,60.44124984741211,318300.0
RBC,2013-08-20,66.16000366210938,65.4000015258789,60.533355712890625,250500.0
RBC,2013-08-21,65.7300033569336,65.04000091552734,60.08204650878906,235700.0
RBC,2013-08-22,65.9800033569336,65.23999786376953,60.616268157958984,163300.0
RBC,2013-08-23,66.29000091552734,65.16000366210938,60.92943572998047,115700.0
RBC,2013-08-26,66.5999984741211,65.83000183105469,60.754432678222656,136300.0
RBC,2013-08-27,65.20999908447266,64.16000366210938,59.22543716430664,150100.0
RBC,2013-08-28,64.38999938964844,64.0,59.0688362121582,106400.0
RBC,2013-08-29,64.91000366210938,64.16000366210938,59.446495056152344,110700.0
RBC,2013-08-30,64.58999633789062,63.5099983215332,58.67278289794922,200300.0
RBC,2013-09-03,64.91999816894531,63.06999969482422,58.63594055175781,360300.0
RBC,2013-09-04,64.29000091552734,63.65999984741211,58.755680084228516,213500.0
RBC,2013-09-05,64.37999725341797,63.810001373291016,58.967525482177734,163800.0
RBC,2013-09-06,64.69000244140625,62.93000030517578,58.85700225830078,226700.0
RBC,2013-09-09,65.58000183105469,64.2300033569336,60.21099853515625,129400.0
RBC,2013-09-10,66.19999694824219,65.18000030517578,60.22019577026367,217400.0
RBC,2013-09-11,65.27999877929688,64.61000061035156,59.953086853027344,109100.0
RBC,2013-09-12,65.33999633789062,64.80000305175781,59.82414245605469,71300.0
RBC,2013-09-13,65.33000183105469,64.55999755859375,59.76887130737305,105100.0
RBC,2013-09-16,65.62999725341797,64.77999877929688,59.750457763671875,187900.0
RBC,2013-09-17,65.58999633789062,64.55999755859375,60.22941589355469,240000.0
RBC,2013-09-18,65.9000015258789,64.58000183105469,60.62547302246094,344200.0
RBC,2013-09-19,66.72000122070312,65.80999755859375,61.20574951171875,426800.0
RBC,2013-09-20,67.16999816894531,66.55999755859375,61.66628646850586,670500.0
RBC,2013-09-23,68.13999938964844,66.76000213623047,62.7347526550293,660200.0
RBC,2013-09-24,68.37000274658203,67.66000366210938,62.37554168701172,415100.0
RBC,2013-09-25,68.12000274658203,67.0,62.597251892089844,288100.0
RBC,2013-09-26,69.0,67.79000091552734,63.668861389160156,380700.0
RBC,2013-09-27,68.51000213623047,67.7699966430664,62.70808410644531,328000.0
RBC,2013-09-30,68.4000015258789,66.7300033569336,62.754302978515625,434100.0
RBC,2013-10-01,69.54000091552734,67.77999877929688,64.12153625488281,565600.0
RBC,2013-10-02,71.05999755859375,68.73999786376953,65.61810302734375,706400.0
RBC,2013-10-03,71.68000030517578,70.13999938964844,65.95990753173828,1017900.0
RBC,2013-10-04,73.0999984741211,71.41000366210938,67.17008209228516,683700.0
RBC,2013-10-07,72.06999969482422,71.41000366210938,66.16313934326172,528500.0
RBC,2013-10-08,71.58000183105469,69.86000061035156,64.86055755615234,677900.0
RBC,2013-10-09,70.25,69.62999725341797,64.63886260986328,469000.0
RBC,2013-10-10,71.11000061035156,70.22000122070312,65.4333267211914,385000.0
RBC,2013-10-11,71.52999877929688,70.5999984741211,66.05229187011719,155700.0
RBC,2013-10-14,72.54000091552734,71.33000183105469,66.93917083740234,290600.0
RBC,2013-10-15,72.30000305175781,70.48999786376953,65.5164566040039,293900.0
RBC,2013-10-16,71.16999816894531,69.9800033569336,64.89749908447266,431700.0
RBC,2013-10-17,71.31999969482422,69.79000091552734,65.8675308227539,334500.0
RBC,2013-10-18,72.73999786376953,71.31999969482422,67.11466217041016,182400.0
RBC,2013-10-21,73.16000366210938,72.4800033569336,67.58580017089844,174000.0
RBC,2013-10-22,74.30999755859375,69.80000305175781,67.89067077636719,224100.0
RBC,2013-10-23,73.73999786376953,73.05000305175781,67.96456146240234,228900.0
RBC,2013-10-24,73.8499984741211,73.41000366210938,68.00149536132812,344500.0
RBC,2013-10-25,73.66999816894531,72.5999984741211,67.15161895751953,656200.0
RBC,2013-10-28,72.97000122070312,72.05999755859375,67.2162857055664,867500.0
RBC,2013-10-29,75.52999877929688,71.7300033569336,66.38484191894531,615800.0
RBC,2013-10-30,72.30000305175781,71.55000305175781,66.59732055664062,685900.0
RBC,2013-10-31,73.88999938964844,71.94000244140625,67.74285125732422,396700.0
RBC,2013-11-01,73.61000061035156,72.27999877929688,67.31790161132812,197500.0
RBC,2013-11-04,73.9000015258789,72.80999755859375,67.95532989501953,375700.0
RBC,2013-11-05,73.55000305175781,72.52999877929688,67.22550964355469,172800.0
RBC,2013-11-06,73.5199966430664,72.76000213623047,67.71514892578125,152800.0
RBC,2013-11-07,73.5,71.62000274658203,66.19085693359375,203400.0
RBC,2013-11-08,72.87999725341797,71.37999725341797,66.92988586425781,212500.0
RBC,2013-11-11,73.16000366210938,72.05000305175781,67.42875671386719,135700.0
RBC,2013-11-12,73.45999908447266,72.58000183105469,67.72438049316406,255600.0
RBC,2013-11-13,74.0,72.75,68.21397399902344,104600.0
RBC,2013-11-14,74.0,73.47000122070312,68.13085174560547,97300.0
RBC,2013-11-15,74.1500015258789,73.41000366210938,68.50037384033203,181700.0
RBC,2013-11-18,74.55000305175781,73.77999877929688,68.30638122558594,326300.0
RBC,2013-11-19,75.81999969482422,73.94999694824219,69.8768539428711,490900.0
RBC,2013-11-20,76.7699966430664,74.48999786376953,69.14704132080078,505000.0
RBC,2013-11-21,75.2699966430664,74.44000244140625,68.86066436767578,294100.0
RBC,2013-11-22,74.94000244140625,74.23999786376953,68.814453125,182400.0
RBC,2013-11-25,74.7699966430664,73.45999908447266,68.59278106689453,170700.0
RBC,2013-11-26,74.08000183105469,73.48999786376953,68.14930725097656,162500.0
RBC,2013-11-27,74.5199966430664,73.5,68.78675842285156,129900.0
RBC,2013-11-29,74.58000183105469,73.5,67.97380828857422,72000.0
RBC,2013-12-02,74.56999969482422,72.56999969482422,67.82598876953125,236100.0
RBC,2013-12-03,73.4800033569336,72.37000274658203,66.97608184814453,257800.0
RBC,2013-12-04,72.98999786376953,71.9000015258789,66.56961059570312,357500.0
RBC,2013-12-05,72.08000183105469,71.44999694824219,66.13542938232422,261300.0
RBC,2013-12-06,72.16999816894531,71.48999786376953,66.12619018554688,565000.0
RBC,2013-12-09,72.7699966430664,71.69000244140625,66.80054473876953,389800.0
RBC,2013-12-10,72.93000030517578,71.95999908447266,66.56961059570312,270300.0
RBC,2013-12-11,72.16999816894531,70.36000061035156,65.07303619384766,302700.0
RBC,2013-12-12,70.62999725341797,69.80999755859375,64.58343505859375,297700.0
RBC,2013-12-13,70.31999969482422,69.5999984741211,64.56494903564453,224800.0
RBC,2013-12-16,71.12999725341797,70.08000183105469,65.44254302978516,383400.0
RBC,2013-12-17,70.98999786376953,70.25,65.05455780029297,291800.0
RBC,2013-12-18,71.95999908447266,70.29000091552734,66.42182159423828,307000.0
RBC,2013-12-19,72.05000305175781,71.1500015258789,65.8675308227539,191100.0
RBC,2013-12-20,72.80000305175781,70.94999694824219,67.2162857055664,534300.0
RBC,2013-12-23,73.54000091552734,72.33999633789062,67.86293029785156,201800.0
RBC,2013-12-24,73.69000244140625,72.98999786376953,68.08524322509766,65800.0
RBC,2013-12-26,74.1500015258789,73.4000015258789,68.00189971923828,126700.0
RBC,2013-12-27,73.9000015258789,73.22000122070312,68.19641876220703,90800.0
RBC,2013-12-30,74.44999694824219,73.2699966430664,68.60400390625,134200.0
RBC,2013-12-31,74.41999816894531,73.55000305175781,68.2890625,104400.0
RBC,2014-01-02,74.0,72.80999755859375,67.8814697265625,159500.0
RBC,2014-01-03,73.80999755859375,73.0199966430664,68.2149658203125,102900.0
RBC,2014-01-06,74.08999633789062,73.12999725341797,67.78885650634766,210600.0
RBC,2014-01-07,74.44999694824219,73.05999755859375,68.88191223144531,157500.0
RBC,2014-01-08,74.6500015258789,73.9800033569336,69.14127349853516,191100.0
RBC,2014-01-09,75.9000015258789,74.5999984741211,70.09538269042969,250200.0
RBC,2014-01-10,77.76000213623047,75.3499984741211,71.57754516601562,517600.0
RBC,2014-01-13,77.48999786376953,76.31999969482422,70.93836975097656,483700.0
RBC,2014-01-14,78.30999755859375,76.55000305175781,72.49459838867188,320500.0
RBC,2014-01-15,80.08999633789062,78.19000244140625,74.12495422363281,370000.0
RBC,2014-01-16,80.41000366210938,78.87000274658203,73.18006896972656,522700.0
RBC,2014-01-17,79.0999984741211,78.45999908447266,72.96701049804688,325000.0
RBC,2014-01-21,79.61000061035156,78.56999969482422,73.51356506347656,179000.0
RBC,2014-01-22,79.72000122070312,78.75,73.68955993652344,335200.0
RBC,2014-01-23,79.12999725341797,77.23999786376953,72.142578125,532300.0
RBC,2014-01-24,77.44999694824219,74.87000274658203,69.59517669677734,354000.0
RBC,2014-01-27,75.58000183105469,73.61000061035156,68.84486389160156,251400.0
RBC,2014-01-28,75.33999633789062,74.12999725341797,69.6785659790039,669100.0
RBC,2014-01-29,75.52999877929688,74.16000366210938,69.00232696533203,362700.0
RBC,2014-01-30,75.80999755859375,74.30000305175781,70.01204681396484,192400.0
RBC,2014-01-31,75.55999755859375,73.9800033569336,68.6318130493164,289400.0
RBC,2014-02-03,74.3499984741211,70.55000305175781,65.43595886230469,700600.0
RBC,2014-02-04,72.20999908447266,69.9800033569336,66.6679916381836,414700.0
RBC,2014-02-05,72.11000061035156,71.3499984741211,66.35301971435547,229000.0
RBC,2014-02-06,72.02999877929688,71.38999938964844,66.42713928222656,252700.0
RBC,2014-02-07,72.91000366210938,71.98999786376953,67.27935791015625,314100.0
RBC,2014-02-10,74.19999694824219,72.83000183105469,68.10376739501953,493200.0
RBC,2014-02-11,73.5,69.6500015258789,65.63048553466797,1011500.0
RBC,2014-02-12,72.77999877929688,70.73999786376953,67.24231719970703,442300.0
RBC,2014-02-13,73.16000366210938,71.93000030517578,67.60357666015625,252500.0
RBC,2014-02-14,73.19000244140625,71.95999908447266,67.39051055908203,248200.0
RBC,2014-02-18,72.80999755859375,71.7300033569336,67.0848159790039,282100.0
RBC,2014-02-19,73.52999877929688,71.94999694824219,66.89955139160156,379200.0
RBC,2014-02-20,72.41999816894531,71.51000213623047,66.81620025634766,366700.0
RBC,2014-02-21,72.87999725341797,71.75,66.8718032836914,326300.0
RBC,2014-02-24,73.20999908447266,71.9000015258789,67.17745208740234,283800.0
RBC,2014-02-25,72.83999633789062,71.62999725341797,66.55681610107422,147700.0
RBC,2014-02-26,73.2300033569336,71.93000030517578,67.34420013427734,208100.0
RBC,2014-02-27,73.05000305175781,72.12000274658203,67.63136291503906,152500.0
RBC,2014-02-28,74.1500015258789,72.97000122070312,68.26127624511719,136600.0
RBC,2014-03-03,73.97000122070312,72.66000366210938,68.01116943359375,219800.0
RBC,2014-03-04,75.0,73.94999694824219,68.9467544555664,239300.0
RBC,2014-03-05,75.0,74.1500015258789,69.37285614013672,161500.0
RBC,2014-03-06,75.81999969482422,74.44000244140625,70.12318420410156,254900.0
RBC,2014-03-07,76.55000305175781,75.18000030517578,70.36404418945312,180200.0
RBC,2014-03-10,75.83999633789062,74.48999786376953,69.20612335205078,183900.0
RBC,2014-03-11,75.20999908447266,73.31999969482422,68.35391235351562,200100.0
RBC,2014-03-12,73.58000183105469,72.23999786376953,67.01997375488281,382800.0
RBC,2014-03-13,72.69999694824219,70.73999786376953,66.00103759765625,377100.0
RBC,2014-03-14,71.75,70.62000274658203,65.6953353881836,236600.0
RBC,2014-03-17,71.5999984741211,71.05000305175781,65.8620834350586,634800.0
RBC,2014-03-18,71.58999633789062,71.08999633789062,66.13067626953125,288300.0
RBC,2014-03-19,73.0199966430664,71.73999786376953,66.78840637207031,681800.0
RBC,2014-03-20,73.0,72.0,67.37199401855469,603500.0
RBC,2014-03-21,74.30999755859375,73.08000183105469,67.81661987304688,457300.0
RBC,2014-03-24,73.52999877929688,71.6500015258789,67.10336303710938,249600.0
RBC,2014-03-25,73.26000213623047,72.0999984741211,67.33495330810547,109900.0
RBC,2014-03-26,72.9000015258789,71.47000122070312,66.39678192138672,168400.0
RBC,2014-03-27,71.66000366210938,70.63999938964844,65.9044418334961,216600.0
RBC,2014-03-28,71.87000274658203,70.81999969482422,66.22956848144531,167600.0
RBC,2014-03-31,72.75,71.36000061035156,67.5392837524414,307100.0
RBC,2014-04-01,74.23999786376953,71.66999816894531,68.79327392578125,329100.0
RBC,2014-04-02,74.54000091552734,73.87999725341797,69.14625549316406,211400.0
RBC,2014-04-03,74.7699966430664,74.47000122070312,69.30416107177734,274200.0
RBC,2014-04-04,75.76000213623047,73.19000244140625,68.24524688720703,302700.0
RBC,2014-04-07,73.52999877929688,70.58999633789062,65.85801696777344,392500.0
RBC,2014-04-08,71.94000244140625,70.66999816894531,66.38748168945312,179400.0
RBC,2014-04-09,72.80999755859375,71.44000244140625,67.5300064086914,203800.0
RBC,2014-04-10,73.37999725341797,71.70999908447266,66.8426284790039,238700.0
RBC,2014-04-11,72.62000274658203,71.25,66.8890609741211,379900.0
RBC,2014-04-14,73.41000366210938,72.11000061035156,67.42782592773438,410300.0
RBC,2014-04-15,74.79000091552734,72.38999938964844,69.23916625976562,496100.0
RBC,2014-04-16,74.97000122070312,73.94000244140625,69.12767791748047,331400.0
RBC,2014-04-17,75.55999755859375,74.30000305175781,69.69430541992188,224700.0
RBC,2014-04-21,75.22000122070312,74.05000305175781,69.0162124633789,212800.0
RBC,2014-04-22,75.05000305175781,73.9800033569336,69.20198059082031,285000.0
RBC,2014-04-23,75.0,74.05000305175781,68.8490219116211,140200.0
RBC,2014-04-24,75.18000030517578,73.69000244140625,69.0533676147461,359300.0
RBC,2014-04-25,74.52999877929688,73.43000030517578,68.59822845458984,220600.0
RBC,2014-04-28,74.12999725341797,71.87000274658203,67.83653259277344,226800.0
RBC,2014-04-29,74.30000305175781,72.66999816894531,68.19880676269531,264400.0
RBC,2014-04-30,74.87999725341797,73.0,69.4156494140625,158800.0
RBC,2014-05-01,75.83000183105469,74.25,69.49922943115234,211100.0
RBC,2014-05-02,75.9000015258789,74.76000213623047,69.8986587524414,179400.0
RBC,2014-05-05,75.19000244140625,74.18000030517578,69.57353973388672,151400.0
RBC,2014-05-06,77.63999938964844,75.0,70.79966735839844,697300.0
RBC,2014-05-07,76.27999877929688,74.66000366210938,70.37239074707031,326800.0
RBC,2014-05-08,77.08999633789062,75.30999755859375,70.11231231689453,181300.0
RBC,2014-05-09,75.8499984741211,74.87999725341797,70.34452819824219,132100.0
RBC,2014-05-12,77.11000061035156,75.86000061035156,71.57066345214844,188500.0
RBC,2014-05-13,77.69999694824219,76.5199966430664,71.34774780273438,216600.0
RBC,2014-05-14,76.66999816894531,74.9800033569336,69.86149597167969,185300.0
RBC,2014-05-15,74.87000274658203,73.3499984741211,69.24844360351562,167300.0
RBC,2014-05-16,75.25,74.0999984741211,69.8243637084961,85500.0
RBC,2014-05-19,76.20999908447266,74.58000183105469,70.5767593383789,150900.0
RBC,2014-05-20,76.30000305175781,74.27999877929688,69.30416107177734,117800.0
RBC,2014-05-21,75.55999755859375,74.62000274658203,70.01940155029297,184100.0
RBC,2014-05-22,77.04000091552734,75.5199966430664,71.40345764160156,583600.0
RBC,2014-05-23,77.12000274658203,76.29000091552734,71.29200744628906,402600.0
RBC,2014-05-27,77.5,76.66000366210938,71.32914733886719,210900.0
RBC,2014-05-28,77.04000091552734,76.25,71.30127716064453,223300.0
RBC,2014-05-29,77.33000183105469,76.55999755859375,71.63571166992188,115100.0
RBC,2014-05-30,77.33999633789062,76.2300033569336,70.90185546875,220600.0
RBC,2014-06-02,77.41999816894531,75.41999816894531,71.84002685546875,199700.0
RBC,2014-06-03,77.5999984741211,76.4000015258789,71.1805191040039,157000.0
RBC,2014-06-04,77.2300033569336,76.37000274658203,71.23625946044922,94600.0
RBC,2014-06-05,78.12000274658203,76.43000030517578,72.39736938476562,94500.0
RBC,2014-06-06,78.87999725341797,77.70999908447266,73.1312026977539,71000.0
RBC,2014-06-09,80.22000122070312,78.45999908447266,74.0600814819336,134600.0
RBC,2014-06-10,79.6500015258789,79.08999633789062,73.63278198242188,58700.0
RBC,2014-06-11,78.93000030517578,78.13999938964844,72.85253143310547,122000.0
RBC,2014-06-12,78.80000305175781,77.44000244140625,72.30445861816406,116200.0
RBC,2014-06-13,78.83000183105469,77.5,72.64818572998047,186100.0
RBC,2014-06-16,78.44999694824219,77.41999816894531,72.18373107910156,127100.0
RBC,2014-06-17,79.79000091552734,77.3499984741211,73.51204681396484,335500.0
RBC,2014-06-18,79.11000061035156,77.8499984741211,73.16834259033203,169600.0
RBC,2014-06-19,79.23999786376953,78.12999725341797,73.57705688476562,151900.0
RBC,2014-06-20,79.5,77.81999969482422,73.28910827636719,443000.0
RBC,2014-06-23,79.2699966430664,78.48999786376953,73.00115203857422,157800.0
RBC,2014-06-24,79.11000061035156,77.43000030517578,72.13726806640625,163300.0
RBC,2014-06-25,78.11000061035156,76.80000305175781,72.4726333618164,174600.0
RBC,2014-06-26,77.80999755859375,76.48999786376953,72.1745376586914,141200.0
RBC,2014-06-27,78.3499984741211,77.05000305175781,72.67757415771484,217000.0
RBC,2014-06-30,78.61000061035156,76.87999725341797,73.18058776855469,248300.0
RBC,2014-07-01,79.86000061035156,77.98999786376953,73.40414428710938,256000.0
RBC,2014-07-02,78.93000030517578,77.69999694824219,72.50988006591797,149700.0
RBC,2014-07-03,78.37000274658203,77.5999984741211,72.53784942626953,182100.0
RBC,2014-07-07,77.83999633789062,76.75,71.85783386230469,173100.0
RBC,2014-07-08,77.61000061035156,76.12000274658203,71.78327941894531,257500.0
RBC,2014-07-09,77.7699966430664,76.56999969482422,72.43536376953125,200500.0
RBC,2014-07-10,77.12000274658203,76.05000305175781,71.46656036376953,204500.0
RBC,2014-07-11,77.56999969482422,76.11000061035156,71.73672485351562,176300.0
RBC,2014-07-14,78.19000244140625,77.19000244140625,72.58440399169922,258800.0
RBC,2014-07-15,78.29000091552734,77.51000213623047,72.59373474121094,164100.0
RBC,2014-07-16,78.33999633789062,77.33000183105469,72.32357788085938,359500.0
RBC,2014-07-17,77.29000091552734,76.0,71.0287857055664,299700.0
RBC,2014-07-18,77.0999984741211,76.18000030517578,71.82054901123047,217500.0
RBC,2014-07-21,77.12999725341797,76.52999877929688,71.457275390625,160900.0
RBC,2014-07-22,77.63999938964844,77.05000305175781,71.97891998291016,123200.0
RBC,2014-07-23,77.5999984741211,76.73999786376953,71.62493133544922,93000.0
RBC,2014-07-24,77.33999633789062,76.66000366210938,71.58769226074219,91300.0
RBC,2014-07-25,76.70999908447266,75.66999816894531,71.1778335571289,165800.0
RBC,2014-07-28,76.69000244140625,75.91999816894531,71.16848754882812,254900.0
RBC,2014-07-29,77.01000213623047,76.16999816894531,71.26163482666016,586000.0
RBC,2014-07-30,73.58000183105469,69.1500015258789,66.04511260986328,1539200.0
RBC,2014-07-31,71.16000366210938,69.80000305175781,65.47687530517578,576700.0
RBC,2014-08-01,70.44999694824219,69.69000244140625,65.25331115722656,434900.0
RBC,2014-08-04,70.88999938964844,69.72000122070312,65.46755981445312,247300.0
RBC,2014-08-05,70.29000091552734,69.11000061035156,64.95523834228516,322300.0
RBC,2014-08-06,69.7699966430664,69.05999755859375,64.56397247314453,455400.0
RBC,2014-08-07,69.6500015258789,68.29000091552734,63.67902755737305,252400.0
RBC,2014-08-08,68.83000183105469,67.91999816894531,64.04232788085938,411400.0
RBC,2014-08-11,69.91000366210938,68.94999694824219,64.6571273803711,282200.0
RBC,2014-08-12,70.12000274658203,69.25,65.25331115722656,454000.0
RBC,2014-08-13,71.02999877929688,69.5999984741211,65.73770141601562,194500.0
RBC,2014-08-14,71.13999938964844,70.56999969482422,65.9053726196289,231200.0
RBC,2014-08-15,71.08999633789062,69.94999694824219,65.67250061035156,212100.0
RBC,2014-08-18,71.5,70.80999755859375,66.14756774902344,278500.0
RBC,2014-08-19,71.51000213623047,70.7699966430664,66.28730010986328,198000.0
RBC,2014-08-20,70.37999725341797,68.88999938964844,65.23469543457031,485000.0
RBC,2014-08-21,70.75,69.5999984741211,65.83084869384766,248500.0
RBC,2014-08-22,71.16000366210938,70.23999786376953,66.01715850830078,150300.0
RBC,2014-08-25,71.83999633789062,70.75,66.46427154541016,197600.0
RBC,2014-08-26,71.75,71.16000366210938,66.40840148925781,150700.0
RBC,2014-08-27,71.55999755859375,71.08999633789062,66.417724609375,130700.0
RBC,2014-08-28,71.73999786376953,70.66000366210938,66.45498657226562,124800.0
RBC,2014-08-29,71.47000122070312,70.9800033569336,66.20348358154297,167000.0
RBC,2014-09-02,72.19999694824219,70.73999786376953,66.19415283203125,345100.0
RBC,2014-09-03,72.1500015258789,71.13999938964844,66.40840148925781,278600.0
RBC,2014-09-04,71.98999786376953,71.02999877929688,66.4829330444336,168700.0
RBC,2014-09-05,71.80000305175781,70.94000244140625,66.45498657226562,175200.0
RBC,2014-09-08,71.4000015258789,70.87999725341797,66.27799224853516,361300.0
RBC,2014-09-09,71.43000030517578,70.30000305175781,65.48621368408203,263800.0
RBC,2014-09-10,70.77999877929688,69.93000030517578,65.4023666381836,192000.0
RBC,2014-09-11,70.83999633789062,70.0,65.6352310180664,160200.0
RBC,2014-09-12,70.88999938964844,69.6500015258789,65.07632446289062,166300.0
RBC,2014-09-15,70.11000061035156,69.30000305175781,64.8248062133789,140400.0
RBC,2014-09-16,70.20999908447266,68.95999908447266,64.88070678710938,253600.0
RBC,2014-09-17,69.94999694824219,69.13999938964844,64.50810241699219,341000.0
RBC,2014-09-18,69.41000366210938,68.6500015258789,64.11685943603516,230600.0
RBC,2014-09-19,69.16000366210938,67.6500015258789,63.241214752197266,465600.0
RBC,2014-09-22,67.44999694824219,65.70999908447266,61.530975341796875,484900.0
RBC,2014-09-23,66.02999877929688,65.2300033569336,61.21323776245117,624800.0
RBC,2014-09-24,65.97000122070312,65.2300033569336,61.5964241027832,223000.0
RBC,2014-09-25,65.7300033569336,65.16999816894531,61.18520736694336,429400.0
RBC,2014-09-26,65.91999816894531,65.11000061035156,61.568355560302734,164300.0
RBC,2014-09-29,65.87999725341797,64.94999694824219,61.21323776245117,189900.0
RBC,2014-09-30,65.69000244140625,64.25,60.045040130615234,228800.0
RBC,2014-10-01,64.98999786376953,64.12999725341797,60.18523025512695,493200.0
RBC,2014-10-02,65.38999938964844,64.18000030517578,61.02632522583008,474900.0
RBC,2014-10-03,66.29000091552734,65.62000274658203,61.680503845214844,598600.0
RBC,2014-10-06,66.2699966430664,65.22000122070312,61.250633239746094,339200.0
RBC,2014-10-07,65.4800033569336,64.45999908447266,60.5123291015625,409900.0
RBC,2014-10-08,66.0199966430664,64.05999755859375,61.587066650390625,545500.0
RBC,2014-10-09,65.98999786376953,63.75,60.01700973510742,325400.0
RBC,2014-10-10,64.61000061035156,63.5,59.74598693847656,391700.0
RBC,2014-10-13,64.83999633789062,63.040000915527344,58.99833679199219,263500.0
RBC,2014-10-14,65.5,63.31999969482422,60.278682708740234,310600.0
RBC,2014-10-15,64.36000061035156,62.150001525878906,59.49365997314453,365100.0
RBC,2014-10-16,64.94000244140625,62.70000076293945,60.4655876159668,286900.0
RBC,2014-10-17,66.11000061035156,64.98999786376953,60.904823303222656,222100.0
RBC,2014-10-20,65.56999969482422,64.08999633789062,61.12913513183594,329800.0
RBC,2014-10-21,67.91999816894531,65.61000061035156,63.269248962402344,313300.0
RBC,2014-10-22,68.5,66.3499984741211,62.16648483276367,304900.0
RBC,2014-10-23,68.61000061035156,66.70999908447266,63.512237548828125,210400.0
RBC,2014-10-24,68.25,67.54000091552734,63.6430549621582,114500.0
RBC,2014-10-27,68.16999816894531,66.9000015258789,63.66176223754883,200900.0
RBC,2014-10-28,70.0,68.30999755859375,65.29724884033203,171200.0
RBC,2014-10-29,70.2699966430664,68.9000015258789,65.04490661621094,192400.0
RBC,2014-10-30,69.9000015258789,68.62000274658203,64.8580093383789,346200.0
RBC,2014-10-31,71.11000061035156,69.9800033569336,66.32524108886719,345500.0
RBC,2014-11-03,71.98999786376953,70.66999816894531,67.08222198486328,430000.0
RBC,2014-11-04,71.87000274658203,69.72000122070312,65.42807006835938,469600.0
RBC,2014-11-05,71.37999725341797,70.0999984741211,66.36261749267578,311900.0
RBC,2014-11-06,71.4800033569336,70.86000061035156,66.59626770019531,224100.0
RBC,2014-11-07,71.55999755859375,70.38999938964844,66.73646545410156,238700.0
RBC,2014-11-10,71.72000122070312,70.45999908447266,66.1476821899414,244300.0
RBC,2014-11-11,71.33000183105469,70.5,66.50279235839844,245900.0
RBC,2014-11-12,71.56999969482422,71.0,66.79253387451172,138400.0
RBC,2014-11-13,72.30999755859375,70.69999694824219,66.49347686767578,161100.0
RBC,2014-11-14,71.58000183105469,70.75,66.46543884277344,180400.0
RBC,2014-11-17,72.3499984741211,71.12000274658203,67.55886840820312,370800.0
RBC,2014-11-18,73.18000030517578,71.91999816894531,67.77379608154297,377000.0
RBC,2014-11-19,72.30000305175781,71.41000366210938,66.97942352294922,292100.0
RBC,2014-11-20,72.31999969482422,70.80999755859375,67.55886840820312,156600.0
RBC,2014-11-21,73.61000061035156,72.66000366210938,68.07284545898438,197000.0
RBC,2014-11-24,73.5999984741211,72.81999969482422,68.558837890625,155500.0
RBC,2014-11-25,73.86000061035156,73.0,68.87657928466797,124800.0
RBC,2014-11-26,73.80999755859375,73.0,68.39060974121094,101500.0
RBC,2014-11-28,73.12999725341797,71.83000183105469,67.58689880371094,139100.0
RBC,2014-12-01,72.47000122070312,71.0199966430664,67.46540832519531,238700.0
RBC,2014-12-02,72.93000030517578,71.98999786376953,68.06350708007812,184200.0
RBC,2014-12-03,74.4800033569336,72.5,69.39991760253906,205800.0
RBC,2014-12-04,74.33000183105469,72.5999984741211,68.25041198730469,305600.0
RBC,2014-12-05,73.33000183105469,72.43000030517578,68.00741577148438,199500.0
RBC,2014-12-08,72.83999633789062,70.7699966430664,66.54020690917969,326600.0
RBC,2014-12-09,71.38999938964844,69.66000366210938,66.57757568359375,439900.0
RBC,2014-12-10,70.93000030517578,68.7699966430664,64.32530975341797,433800.0
RBC,2014-12-11,70.05000305175781,69.16999816894531,64.97014617919922,322200.0
RBC,2014-12-12,68.9000015258789,68.05000305175781,63.90474319458008,377600.0
RBC,2014-12-15,74.8499984741211,70.31999969482422,65.8112564086914,2153900.0
RBC,2014-12-16,71.19000244140625,69.63999938964844,65.93273162841797,938600.0
RBC,2014-12-17,71.56999969482422,69.94000244140625,66.76448822021484,690000.0
RBC,2014-12-18,73.5,71.54000091552734,68.52143096923828,593300.0
RBC,2014-12-19,74.9800033569336,73.5,70.05412292480469,742700.0
RBC,2014-12-22,75.83000183105469,74.7699966430664,70.56810760498047,530600.0
RBC,2014-12-23,76.20999908447266,75.44000244140625,70.71763610839844,299700.0
RBC,2014-12-24,75.86000061035156,75.05999755859375,70.63352966308594,128800.0
RBC,2014-12-26,76.66000366210938,75.62999725341797,71.0540771484375,140400.0
RBC,2014-12-29,76.7300033569336,75.8499984741211,71.53072357177734,226900.0
RBC,2014-12-30,76.4000015258789,75.7699966430664,71.38072967529297,150600.0
RBC,2014-12-31,76.58000183105469,75.16000366210938,70.48098754882812,176800.0
RBC,2015-01-02,75.91000366210938,74.5199966430664,70.64034271240234,161800.0
RBC,2015-01-05,74.98999786376953,73.3499984741211,69.01889038085938,289800.0
RBC,2015-01-06,73.8499984741211,71.76000213623047,67.53802490234375,399600.0
RBC,2015-01-07,73.11000061035156,71.55000305175781,67.5099105834961,349800.0
RBC,2015-01-08,72.75,71.81999969482422,67.40681457519531,670700.0
RBC,2015-01-09,72.16000366210938,71.19000244140625,66.94756317138672,325100.0
RBC,2015-01-12,71.43000030517578,70.19999694824219,66.27275085449219,224700.0
RBC,2015-01-13,72.06999969482422,69.7300033569336,66.05719757080078,218400.0
RBC,2015-01-14,70.33999633789062,69.33999633789062,65.86034393310547,163600.0
RBC,2015-01-15,70.5,69.30999755859375,65.09181213378906,273800.0
RBC,2015-01-16,70.0,68.26000213623047,65.53233337402344,569700.0
RBC,2015-01-20,70.91999816894531,69.12999725341797,65.53233337402344,299000.0
RBC,2015-01-21,70.87999725341797,69.55999755859375,66.11341094970703,144600.0
RBC,2015-01-22,71.12000274658203,69.97000122070312,66.57266998291016,525600.0
RBC,2015-01-23,71.19000244140625,70.33000183105469,65.94471740722656,177500.0
RBC,2015-01-26,71.18000030517578,69.77999877929688,66.5914077758789,178400.0
RBC,2015-01-27,70.37000274658203,69.16000366210938,65.60730743408203,175900.0
RBC,2015-01-28,70.80999755859375,68.69000244140625,64.43573760986328,186500.0
RBC,2015-01-29,69.56999969482422,68.05999755859375,64.70756530761719,392600.0
RBC,2015-01-30,70.05000305175781,68.5199966430664,64.52946472167969,410400.0
RBC,2015-02-02,70.37000274658203,69.01000213623047,65.73851013183594,338900.0
RBC,2015-02-03,72.18000030517578,70.69999694824219,67.41619110107422,335800.0
RBC,2015-02-04,71.91999816894531,71.12000274658203,66.78824615478516,196400.0
RBC,2015-02-05,72.63999938964844,71.30999755859375,67.66924285888672,265400.0
RBC,2015-02-06,73.75,72.41999816894531,68.06288146972656,414000.0
RBC,2015-02-09,73.2699966430664,72.26000213623047,67.99727630615234,163800.0
RBC,2015-02-10,73.0199966430664,72.26000213623047,68.41905212402344,167100.0
RBC,2015-02-11,74.33000183105469,73.01000213623047,69.35627746582031,516900.0
RBC,2015-02-12,75.12999725341797,74.05999755859375,70.3591537475586,399000.0
RBC,2015-02-13,76.5199966430664,74.94999694824219,71.36200714111328,562800.0
RBC,2015-02-17,77.0999984741211,76.0,71.79312896728516,663600.0
RBC,2015-02-18,78.30999755859375,76.61000061035156,73.27397155761719,486700.0
RBC,2015-02-19,78.30000305175781,77.41999816894531,72.6928939819336,419800.0
RBC,2015-02-20,78.2699966430664,76.80999755859375,73.27397155761719,261400.0
RBC,2015-02-23,78.30999755859375,77.2300033569336,73.38645935058594,196400.0
RBC,2015-02-24,79.0,78.04000091552734,73.94881439208984,216500.0
RBC,2015-02-25,79.04000091552734,77.70999908447266,73.30211639404297,264600.0
RBC,2015-02-26,78.61000061035156,77.62999725341797,73.12403106689453,220700.0
RBC,2015-02-27,78.25,77.41999816894531,73.0490493774414,188900.0
RBC,2015-03-02,79.20999908447266,77.66999816894531,74.10813903808594,280800.0
RBC,2015-03-03,79.05999755859375,78.11000061035156,73.82695770263672,183700.0
RBC,2015-03-04,78.5,77.66000366210938,73.23649597167969,264600.0
RBC,2015-03-05,78.45999908447266,77.45999908447266,72.98345947265625,259000.0
RBC,2015-03-06,77.9800033569336,76.33999633789062,71.79312896728516,423200.0
RBC,2015-03-09,77.2300033569336,76.4000015258789,71.84938049316406,388400.0
RBC,2015-03-10,76.70999908447266,75.75,71.01520538330078,377500.0
RBC,2015-03-11,76.36000061035156,75.58000183105469,71.08081817626953,282100.0
RBC,2015-03-12,77.05000305175781,75.83000183105469,72.10242462158203,329800.0
RBC,2015-03-13,77.19000244140625,75.83999633789062,71.83999633789062,412600.0
RBC,2015-03-16,78.4000015258789,76.69000244140625,73.22711181640625,578100.0
RBC,2015-03-17,79.11000061035156,77.58000183105469,74.12687683105469,451800.0
RBC,2015-03-18,80.7300033569336,78.2300033569336,75.16722106933594,446100.0
RBC,2015-03-19,80.36000061035156,78.9800033569336,74.51114654541016,333300.0
RBC,2015-03-20,80.33000183105469,79.41999816894531,74.9422836303711,582400.0
RBC,2015-03-23,80.2699966430664,78.62000274658203,73.73321533203125,297900.0
RBC,2015-03-24,79.04000091552734,77.76000213623047,73.63014221191406,226100.0
RBC,2015-03-25,79.25,78.37999725341797,73.79883575439453,364800.0
RBC,2015-03-26,79.31999969482422,78.22000122070312,73.54579162597656,373400.0
RBC,2015-03-27,78.69999694824219,77.81999969482422,73.32085418701172,245400.0
RBC,2015-03-30,80.7699966430664,78.5999984741211,74.92353057861328,381300.0
RBC,2015-03-31,80.19999694824219,79.37000274658203,75.11151123046875,243800.0
RBC,2015-04-01,79.83999633789062,78.77999877929688,74.56639862060547,343200.0
RBC,2015-04-02,79.61000061035156,78.33000183105469,73.88971710205078,217900.0
RBC,2015-04-06,78.77999877929688,77.5,73.5889663696289,801300.0
RBC,2015-04-07,78.37999725341797,76.80000305175781,72.33900451660156,718300.0
RBC,2015-04-08,76.63999938964844,75.80000305175781,71.74689483642578,497600.0
RBC,2015-04-09,76.33999633789062,75.26000213623047,70.94803619384766,351700.0
RBC,2015-04-10,75.98999786376953,75.19999694824219,71.19239807128906,222700.0
RBC,2015-04-13,76.4800033569336,75.44999694824219,71.2394027709961,215800.0
RBC,2015-04-14,76.80000305175781,75.22000122070312,72.13224029541016,222300.0
RBC,2015-04-15,77.83999633789062,76.88999938964844,72.78073120117188,282500.0
RBC,2015-04-16,77.45999908447266,76.8499984741211,72.47056579589844,191500.0
RBC,2015-04-17,76.86000061035156,76.0199966430664,71.77509307861328,204200.0
RBC,2015-04-20,77.48999786376953,76.58999633789062,72.01004791259766,146800.0
RBC,2015-04-21,77.13999938964844,75.97000122070312,71.99124908447266,238800.0
RBC,2015-04-22,77.0,75.86000061035156,72.32020568847656,169600.0
RBC,2015-04-23,77.69999694824219,76.7300033569336,72.6773452758789,313100.0
RBC,2015-04-24,77.79000091552734,76.66000366210938,72.49877166748047,155900.0
RBC,2015-04-27,77.94999694824219,76.93000030517578,72.5927505493164,129700.0
RBC,2015-04-28,78.06999969482422,76.95999908447266,73.2318344116211,201900.0
RBC,2015-04-29,78.58999633789062,77.22000122070312,73.5137939453125,252100.0
RBC,2015-04-30,78.41999816894531,77.44999694824219,73.4949951171875,510700.0
RBC,2015-05-01,78.9000015258789,78.01000213623047,73.78633117675781,233900.0
RBC,2015-05-04,78.73999786376953,78.33000183105469,73.6735610961914,226300.0
RBC,2015-05-05,78.69000244140625,77.41999816894531,73.05326843261719,428900.0
RBC,2015-05-06,78.11000061035156,77.29000091552734,73.2412338256836,468200.0
RBC,2015-05-07,77.9800033569336,77.36000061035156,72.90289306640625,230600.0
RBC,2015-05-08,78.22000122070312,77.45999908447266,73.04387664794922,388600.0
RBC,2015-05-11,79.38999938964844,77.30999755859375,73.8051528930664,749100.0
RBC,2015-05-12,79.05000305175781,77.94999694824219,73.44801330566406,955300.0
RBC,2015-05-13,79.66000366210938,78.19000244140625,74.52880096435547,410400.0
RBC,2015-05-14,79.94999694824219,78.97000122070312,75.01751708984375,176400.0
RBC,2015-05-15,79.93000030517578,79.20999908447266,74.84833526611328,202300.0
RBC,2015-05-18,80.48999786376953,79.44999694824219,75.41223907470703,307700.0
RBC,2015-05-19,80.5,79.2300033569336,75.4028549194336,361700.0
RBC,2015-05-20,81.36000061035156,79.81999969482422,76.07952117919922,262900.0
RBC,2015-05-21,81.11000061035156,80.16999816894531,75.92916107177734,337400.0
RBC,2015-05-22,81.25,80.38999938964844,76.03255462646484,315400.0
RBC,2015-05-26,81.12000274658203,79.55000305175781,75.26187896728516,803300.0
RBC,2015-05-27,80.5999984741211,79.48999786376953,75.33707427978516,280800.0
RBC,2015-05-28,80.12999725341797,79.18000030517578,75.08330535888672,526300.0
RBC,2015-05-29,80.30000305175781,78.12999725341797,73.485595703125,275700.0
RBC,2015-06-01,78.55000305175781,77.44999694824219,72.89350128173828,303600.0
RBC,2015-06-02,77.9800033569336,77.04000091552734,73.01567840576172,339100.0
RBC,2015-06-03,78.5999984741211,77.47000122070312,72.92168426513672,302300.0
RBC,2015-06-04,77.29000091552734,76.16000366210938,71.7657241821289,277800.0
RBC,2015-06-05,76.41000366210938,75.55999755859375,71.74689483642578,281600.0
RBC,2015-06-08,76.52999877929688,75.75,71.3991470336914,240000.0
RBC,2015-06-09,76.63999938964844,75.7300033569336,71.31458282470703,169900.0
RBC,2015-06-10,77.16999816894531,76.2300033569336,72.15101623535156,241900.0
RBC,2015-06-11,77.7300033569336,76.62999725341797,73.02506256103516,378800.0
RBC,2015-06-12,77.70999908447266,77.11000061035156,72.73373413085938,276300.0
RBC,2015-06-15,76.58999633789062,75.61000061035156,71.29578399658203,290100.0
RBC,2015-06-16,76.18000030517578,75.45999908447266,71.3427734375,202100.0
RBC,2015-06-17,76.44000244140625,75.19999694824219,70.91044616699219,215300.0
RBC,2015-06-18,76.08999633789062,75.27999877929688,71.42736053466797,268200.0
RBC,2015-06-19,76.45999908447266,75.25,70.89164733886719,483200.0
RBC,2015-06-22,75.80999755859375,75.13999938964844,70.91985321044922,219100.0
RBC,2015-06-23,76.0999984741211,74.80000305175781,70.57209014892578,195800.0
RBC,2015-06-24,74.98999786376953,74.2300033569336,69.78266906738281,152600.0
RBC,2015-06-25,74.87000274658203,72.43000030517578,68.35411071777344,386700.0
RBC,2015-06-26,73.55999755859375,72.6500015258789,68.85223388671875,346600.0
RBC,2015-06-29,73.02999877929688,71.70999908447266,67.49885559082031,266300.0
RBC,2015-06-30,73.2699966430664,71.83000183105469,68.44171142578125,502800.0
RBC,2015-07-01,73.29000091552734,72.27999877929688,68.55484771728516,282200.0
RBC,2015-07-02,73.13999938964844,72.44000244140625,68.52657318115234,274200.0
RBC,2015-07-06,72.72000122070312,71.48999786376953,67.6214370727539,199900.0
RBC,2015-07-07,71.63999938964844,70.25,67.10285949707031,453000.0
RBC,2015-07-08,71.37000274658203,69.22000122070312,65.67914581298828,387400.0
RBC,2015-07-09,70.22000122070312,68.29000091552734,64.69857788085938,370000.0
RBC,2015-07-10,69.33999633789062,68.45999908447266,64.67972564697266,309400.0
RBC,2015-07-13,69.08000183105469,68.37999725341797,65.06629180908203,257000.0
RBC,2015-07-14,69.33999633789062,68.87000274658203,65.0945816040039,180600.0
RBC,2015-07-15,69.25,68.31999969482422,64.96256256103516,275900.0
RBC,2015-07-16,69.83000183105469,68.5999984741211,64.77399444580078,154100.0
RBC,2015-07-17,68.83000183105469,67.68000030517578,64.28372955322266,176700.0
RBC,2015-07-20,68.76000213623047,68.0,64.49114990234375,156600.0
RBC,2015-07-21,69.0199966430664,67.80999755859375,64.04801940917969,205100.0
RBC,2015-07-22,68.26000213623047,67.05000305175781,64.12344360351562,197300.0
RBC,2015-07-23,68.04000091552734,66.87000274658203,63.34085464477539,267900.0
RBC,2015-07-24,67.56999969482422,66.0199966430664,62.54887008666992,173200.0
RBC,2015-07-27,66.58000183105469,65.55999755859375,62.03973388671875,162100.0
RBC,2015-07-28,67.48999786376953,65.62000274658203,62.99201965332031,334000.0
RBC,2015-07-29,67.61000061035156,66.7699966430664,63.56715774536133,290400.0
RBC,2015-07-30,68.94999694824219,67.16000366210938,64.67972564697266,393800.0
RBC,2015-07-31,69.58999633789062,68.55000305175781,65.46229553222656,362200.0
RBC,2015-08-03,69.4800033569336,68.72000122070312,65.11344909667969,508800.0
RBC,2015-08-04,73.97000122070312,70.05999755859375,67.99856567382812,736100.0
RBC,2015-08-05,73.30999755859375,71.83999633789062,68.2625732421875,414400.0
RBC,2015-08-06,72.8499984741211,71.56999969482422,68.04571533203125,328800.0
RBC,2015-08-07,72.48999786376953,71.08999633789062,67.30084228515625,254200.0
RBC,2015-08-10,73.12999725341797,71.37000274658203,68.58313751220703,243400.0
RBC,2015-08-11,72.4800033569336,71.08000183105469,67.432861328125,259600.0
RBC,2015-08-12,73.12000274658203,71.08000183105469,68.40399932861328,598200.0
RBC,2015-08-13,72.62999725341797,71.61000061035156,68.1494140625,202500.0
RBC,2015-08-14,72.73999786376953,71.86000061035156,68.3757095336914,172900.0
RBC,2015-08-17,73.0,71.58000183105469,68.46056365966797,199400.0
RBC,2015-08-18,73.16999816894531,71.79000091552734,68.1871337890625,181300.0
RBC,2015-08-19,72.22000122070312,70.4000015258789,66.92369842529297,168800.0
RBC,2015-08-20,70.30999755859375,68.98999786376953,65.14171600341797,299500.0
RBC,2015-08-21,69.05000305175781,67.62999725341797,63.8028678894043,363400.0
RBC,2015-08-24,67.72000122070312,64.08000183105469,61.28544616699219,489700.0
RBC,2015-08-25,66.81999969482422,64.4000015258789,60.76688003540039,416100.0
RBC,2015-08-26,65.83000183105469,64.31999969482422,61.5494499206543,502000.0
RBC,2015-08-27,67.16999816894531,65.33999633789062,62.92599868774414,584700.0
RBC,2015-08-28,67.05000305175781,65.79000091552734,62.435726165771484,467400.0
RBC,2015-08-31,67.23999786376953,65.29000091552734,62.86001205444336,546400.0
RBC,2015-09-01,66.01000213623047,63.79999923706055,60.28602600097656,292300.0
RBC,2015-09-02,65.01000213623047,64.0199966430664,60.93659210205078,800300.0
RBC,2015-09-03,66.31999969482422,64.30000305175781,61.85116195678711,519100.0
RBC,2015-09-04,64.98999786376953,63.959999084472656,60.568878173828125,184100.0
RBC,2015-09-08,65.62000274658203,64.52999877929688,61.65316390991211,168500.0
RBC,2015-09-09,65.94000244140625,64.83999633789062,61.257179260253906,205300.0
RBC,2015-09-10,65.1500015258789,64.18000030517578,60.68202590942383,215300.0
RBC,2015-09-11,64.4000015258789,63.720001220703125,60.34259796142578,266200.0
RBC,2015-09-14,63.959999084472656,63.16999816894531,59.758033752441406,135300.0
RBC,2015-09-15,64.30999755859375,63.439998626708984,60.19173812866211,213300.0
RBC,2015-09-16,64.66999816894531,63.7400016784668,60.880027770996094,350100.0
RBC,2015-09-17,64.87000274658203,63.61000061035156,60.05974197387695,188500.0
RBC,2015-09-18,63.08000183105469,62.02000045776367,58.62660217285156,378100.0
RBC,2015-09-21,63.279998779296875,62.06999969482422,58.80574035644531,171500.0
RBC,2015-09-22,61.7599983215332,60.25,57.26890563964844,224400.0
RBC,2015-09-23,60.77000045776367,59.27000045776367,55.94889450073242,197700.0
RBC,2015-09-24,58.84000015258789,57.779998779296875,55.1003303527832,203300.0
RBC,2015-09-25,58.880001068115234,57.7599983215332,54.779762268066406,257600.0
RBC,2015-09-28,58.02000045776367,56.81999969482422,53.997196197509766,290500.0
RBC,2015-09-29,57.689998626708984,56.099998474121094,52.941200256347656,400500.0
RBC,2015-09-30,57.18000030517578,56.04999923706055,53.44296646118164,400800.0
RBC,2015-10-01,56.59000015258789,55.13999938964844,52.50569534301758,414800.0
RBC,2015-10-02,57.380001068115234,54.5099983215332,54.285560607910156,430900.0
RBC,2015-10-05,60.029998779296875,57.66999816894531,56.680789947509766,318000.0
RBC,2015-10-06,61.720001220703125,59.970001220703125,57.021610260009766,375100.0
RBC,2015-10-07,61.59000015258789,60.2400016784668,57.854732513427734,361700.0
RBC,2015-10-08,62.470001220703125,60.560001373291016,58.88666915893555,307300.0
RBC,2015-10-09,63.040000915527344,61.90999984741211,58.915077209472656,282600.0
RBC,2015-10-12,62.20000076293945,61.209999084472656,58.034610748291016,266800.0
RBC,2015-10-13,61.880001068115234,60.40999984741211,57.41924285888672,98900.0
RBC,2015-10-14,61.130001068115234,60.029998779296875,57.29615783691406,133100.0
RBC,2015-10-15,60.869998931884766,59.310001373291016,57.58964538574219,221900.0
RBC,2015-10-16,61.2599983215332,58.84000015258789,56.61450958251953,300400.0
RBC,2015-10-19,60.79999923706055,59.529998779296875,57.04054260253906,222000.0
RBC,2015-10-20,61.130001068115234,60.16999816894531,57.390830993652344,168600.0
RBC,2015-10-21,61.470001220703125,60.04999923706055,56.96480941772461,211500.0
RBC,2015-10-22,61.4900016784668,60.279998779296875,57.88313293457031,600300.0
RBC,2015-10-23,62.720001220703125,61.59000015258789,59.331626892089844,233000.0
RBC,2015-10-26,63.20000076293945,62.15999984741211,59.748191833496094,230000.0
RBC,2015-10-27,62.709999084472656,61.41999816894531,58.706787109375,231200.0
RBC,2015-10-28,63.880001068115234,62.33000183105469,60.43930435180664,199900.0
RBC,2015-10-29,64.76000213623047,63.45000076293945,60.212093353271484,335500.0
RBC,2015-10-30,64.41999816894531,63.47999954223633,60.391971588134766,175900.0
RBC,2015-11-02,65.0999984741211,63.849998474121094,61.33869934082031,285900.0
RBC,2015-11-03,65.48999786376953,64.25,61.0546875,299500.0
RBC,2015-11-04,64.73999786376953,63.709999084472656,60.969486236572266,238500.0
RBC,2015-11-05,64.8499984741211,63.79999923706055,61.12094497680664,275000.0
RBC,2015-11-06,65.26000213623047,63.869998931884766,61.27244186401367,289800.0
RBC,2015-11-09,66.73999786376953,62.959999084472656,60.14582061767578,459400.0
RBC,2015-11-10,64.22000122070312,62.619998931884766,60.36356735229492,275600.0
RBC,2015-11-11,64.98999786376953,63.560001373291016,60.969486236572266,278300.0
RBC,2015-11-12,64.16999816894531,61.61000061035156,58.3848991394043,284700.0
RBC,2015-11-13,62.540000915527344,61.43000030517578,58.64999008178711,213800.0
RBC,2015-11-16,63.060001373291016,61.52000045776367,59.151756286621094,134400.0
RBC,2015-11-17,62.90999984741211,61.4900016784668,58.47011184692383,195900.0
RBC,2015-11-18,62.83000183105469,61.65999984741211,59.341102600097656,135200.0
RBC,2015-11-19,63.11000061035156,62.16999816894531,59.54938888549805,91300.0
RBC,2015-11-20,63.849998474121094,62.650001525878906,59.81446838378906,189000.0
RBC,2015-11-23,64.1500015258789,63.290000915527344,60.69492721557617,242400.0
RBC,2015-11-24,65.62999725341797,63.380001068115234,61.76473617553711,205800.0
RBC,2015-11-25,65.4000015258789,63.599998474121094,60.31623840332031,201800.0
RBC,2015-11-27,63.95000076293945,63.2599983215332,60.42037582397461,77000.0
RBC,2015-11-30,64.72000122070312,63.540000915527344,61.02628707885742,249400.0
RBC,2015-12-01,65.08999633789062,64.12000274658203,61.33869934082031,137400.0
RBC,2015-12-02,65.05999755859375,63.310001373291016,60.136356353759766,265600.0
RBC,2015-12-03,63.90999984741211,61.970001220703125,59.00973892211914,124700.0
RBC,2015-12-04,63.220001220703125,62.33000183105469,59.454708099365234,167500.0
RBC,2015-12-07,62.88999938964844,61.72999954223633,58.64999008178711,244700.0
RBC,2015-12-08,61.70000076293945,59.900001525878906,56.79439926147461,279500.0
RBC,2015-12-09,60.70000076293945,58.970001220703125,56.254756927490234,235500.0
RBC,2015-12-10,60.06999969482422,59.0,56.179019927978516,254300.0
RBC,2015-12-11,59.630001068115234,58.040000915527344,55.024009704589844,182000.0
RBC,2015-12-14,58.25,56.72999954223633,54.654788970947266,282800.0
RBC,2015-12-15,58.869998931884766,57.7400016784668,54.777862548828125,256500.0
RBC,2015-12-16,58.86000061035156,57.7400016784668,55.326961517333984,370700.0
RBC,2015-12-17,59.369998931884766,57.27000045776367,54.31395721435547,355300.0
RBC,2015-12-18,57.810001373291016,56.619998931884766,53.75538635253906,439200.0
RBC,2015-12-21,57.959999084472656,56.459999084472656,53.75538635253906,191100.0
RBC,2015-12-22,57.93000030517578,56.59000015258789,54.437042236328125,253000.0
RBC,2015-12-23,58.599998474121094,57.65999984741211,55.30802917480469,282800.0
RBC,2015-12-24,58.72999954223633,57.95000076293945,55.08081817626953,48100.0
RBC,2015-12-28,58.79999923706055,57.5099983215332,55.09974670410156,154400.0
RBC,2015-12-29,59.0,57.900001525878906,55.670040130615234,139400.0
RBC,2015-12-30,59.130001068115234,58.43000030517578,55.736576080322266,111000.0
RBC,2015-12-31,59.52000045776367,58.33000183105469,55.62251281738281,211500.0
RBC,2016-01-04,58.619998931884766,56.869998931884766,54.95717239379883,330000.0
RBC,2016-01-05,57.97999954223633,56.81999969482422,54.47243118286133,206200.0
RBC,2016-01-06,56.529998779296875,55.2599983215332,52.723533630371094,275900.0
RBC,2016-01-07,55.52000045776367,54.380001068115234,51.90610885620117,236700.0
RBC,2016-01-08,55.290000915527344,53.630001068115234,51.012657165527344,210800.0
RBC,2016-01-11,55.349998474121094,53.45000076293945,51.58294677734375,325400.0
RBC,2016-01-12,55.5,54.060001373291016,52.62848663330078,329400.0
RBC,2016-01-13,55.70000076293945,52.91999816894531,50.404335021972656,217800.0
RBC,2016-01-14,54.52000045776367,52.119998931884766,51.55442810058594,258300.0
RBC,2016-01-15,53.220001220703125,51.63999938964844,49.681968688964844,313000.0
RBC,2016-01-19,52.7400016784668,50.56999969482422,48.56989669799805,454200.0
RBC,2016-01-20,51.70000076293945,49.59000015258789,48.69346237182617,466500.0
RBC,2016-01-21,51.72999954223633,50.209999084472656,48.417823791503906,840000.0
RBC,2016-01-22,53.04999923706055,51.56999969482422,50.005130767822266,893000.0
RBC,2016-01-25,52.599998474121094,51.380001068115234,49.102169036865234,340300.0
RBC,2016-01-26,54.400001525878906,51.95000076293945,51.47838592529297,846800.0
RBC,2016-01-27,54.560001373291016,53.41999816894531,51.307308197021484,397800.0
RBC,2016-01-28,54.7599983215332,53.08000183105469,51.23127365112305,453500.0
RBC,2016-01-29,56.220001220703125,54.0099983215332,53.426883697509766,392200.0
RBC,2016-02-01,56.2599983215332,54.54999923706055,52.90412521362305,217600.0
RBC,2016-02-02,54.9900016784668,54.220001220703125,51.83958053588867,227600.0
RBC,2016-02-03,56.380001068115234,53.93000030517578,53.55995178222656,243800.0
RBC,2016-02-04,57.84000015258789,56.16999816894531,54.31084060668945,468600.0
RBC,2016-02-05,57.369998931884766,55.9900016784668,53.61698532104492,260300.0
RBC,2016-02-08,55.459999084472656,53.459999084472656,52.14373016357422,519400.0
RBC,2016-02-09,52.349998474121094,49.27000045776367,47.999610900878906,1005100.0
RBC,2016-02-10,50.709999084472656,49.5,47.19169998168945,468100.0
RBC,2016-02-11,49.779998779296875,47.77000045776367,46.93506622314453,375600.0
RBC,2016-02-12,51.099998474121094,49.65999984741211,48.104164123535156,336100.0
RBC,2016-02-16,51.93000030517578,51.0,49.29228591918945,225800.0
RBC,2016-02-17,53.779998779296875,52.060001373291016,50.832061767578125,369500.0
RBC,2016-02-18,54.40999984741211,53.65999984741211,51.51640701293945,278400.0
RBC,2016-02-19,54.209999084472656,53.18000030517578,50.851070404052734,380000.0
RBC,2016-02-22,54.59000015258789,53.630001068115234,51.735023498535156,207900.0
RBC,2016-02-23,54.369998931884766,52.86000061035156,50.27127456665039,284700.0
RBC,2016-02-24,53.869998931884766,52.02000045776367,51.164730072021484,188700.0
RBC,2016-02-25,54.13999938964844,53.369998931884766,51.24077606201172,202100.0
RBC,2016-02-26,55.45000076293945,54.06999969482422,52.210262298583984,190700.0
RBC,2016-02-29,55.2599983215332,54.400001525878906,51.87759780883789,263000.0
RBC,2016-03-01,55.90999984741211,54.619998931884766,52.91362762451172,175400.0
RBC,2016-03-02,56.20000076293945,55.349998474121094,53.38886642456055,136000.0
RBC,2016-03-03,57.209999084472656,55.869998931884766,54.31084060668945,178800.0
RBC,2016-03-04,58.959999084472656,56.9900016784668,55.736576080322266,340900.0
RBC,2016-03-07,60.40999984741211,58.369998931884766,57.38090896606445,339000.0
RBC,2016-03-08,60.02000045776367,58.25,55.5369758605957,286100.0
RBC,2016-03-09,58.93000030517578,58.45000076293945,55.89816665649414,254000.0
RBC,2016-03-10,59.189998626708984,57.650001525878906,55.3943977355957,248300.0
RBC,2016-03-11,59.04999923706055,58.56999969482422,55.9551887512207,231300.0
RBC,2016-03-14,59.09000015258789,58.38999938964844,55.90766525268555,177700.0
RBC,2016-03-15,59.02000045776367,57.75,55.70806121826172,254600.0
RBC,2016-03-16,59.15999984741211,57.97999954223633,56.154788970947266,189700.0
RBC,2016-03-17,60.29999923706055,58.83000183105469,57.24785232543945,551500.0
RBC,2016-03-18,61.310001373291016,59.970001220703125,58.22684860229492,577600.0
RBC,2016-03-21,61.93000030517578,60.95000076293945,58.806644439697266,203700.0
RBC,2016-03-22,62.27000045776367,61.40999984741211,58.93971633911133,163800.0
RBC,2016-03-23,62.22999954223633,61.630001068115234,58.58802795410156,193700.0
RBC,2016-03-24,62.20000076293945,60.40999984741211,59.12031173706055,323100.0
RBC,2016-03-28,62.63999938964844,61.59000015258789,59.04426193237305,185000.0
RBC,2016-03-29,63.40999984741211,61.29999923706055,60.184852600097656,324900.0
RBC,2016-03-30,63.880001068115234,62.7400016784668,60.06084442138672,210400.0
RBC,2016-03-31,63.47999954223633,62.810001373291016,60.18485641479492,158200.0
RBC,2016-04-01,63.40999984741211,61.959999084472656,60.471038818359375,126700.0
RBC,2016-04-04,63.33000183105469,62.20000076293945,59.58386993408203,201900.0
RBC,2016-04-05,62.5,61.779998779296875,59.211822509765625,372100.0
RBC,2016-04-06,62.5,61.540000915527344,59.57432556152344,271500.0
RBC,2016-04-07,63.08000183105469,61.470001220703125,59.889129638671875,352400.0
RBC,2016-04-08,64.0999984741211,63.369998931884766,60.91939926147461,294900.0
RBC,2016-04-11,65.19999694824219,64.2699966430664,61.98782730102539,254800.0
RBC,2016-04-12,66.37999725341797,64.76000213623047,63.170719146728516,272800.0
RBC,2016-04-13,66.91000366210938,66.19999694824219,63.60954666137695,359100.0
RBC,2016-04-14,67.55000305175781,66.16000366210938,64.32501220703125,284800.0
RBC,2016-04-15,67.7300033569336,66.02999877929688,64.0960693359375,290400.0
RBC,2016-04-18,67.1500015258789,66.19000244140625,64.05789947509766,237700.0
RBC,2016-04-19,68.44999694824219,66.97000122070312,64.78291320800781,316900.0
RBC,2016-04-20,67.4000015258789,66.2300033569336,63.68584442138672,386300.0
RBC,2016-04-21,67.19000244140625,66.31999969482422,63.48554229736328,229200.0
RBC,2016-04-22,67.44000244140625,66.70999908447266,64.22007751464844,265800.0
RBC,2016-04-25,67.1500015258789,65.55999755859375,62.999027252197266,247800.0
RBC,2016-04-26,67.33000183105469,66.5199966430664,64.19146728515625,351300.0
RBC,2016-04-27,67.88999938964844,66.86000061035156,64.19146728515625,419300.0
RBC,2016-04-28,66.91999816894531,63.869998931884766,62.02598571777344,376900.0
RBC,2016-04-29,65.4800033569336,63.91999816894531,61.453609466552734,287800.0
RBC,2016-05-02,65.20999908447266,63.900001525878906,62.0450553894043,215100.0
RBC,2016-05-03,64.73999786376953,63.95000076293945,61.22467041015625,234700.0
RBC,2016-05-04,64.58999633789062,63.4900016784668,61.100650787353516,362300.0
RBC,2016-05-05,64.9800033569336,63.7599983215332,61.04341506958008,384100.0
RBC,2016-05-06,64.30999755859375,63.29999923706055,61.33913803100586,239900.0
RBC,2016-05-09,64.16000366210938,62.970001220703125,60.375648498535156,308400.0
RBC,2016-05-10,57.95000076293945,54.0099983215332,54.95719528198242,1529300.0
RBC,2016-05-11,58.20000076293945,56.880001068115234,54.78548049926758,856000.0
RBC,2016-05-12,58.09000015258789,56.83000183105469,55.157527923583984,828900.0
RBC,2016-05-13,58.060001373291016,56.15999984741211,53.86968994140625,506400.0
RBC,2016-05-16,57.369998931884766,56.0099983215332,53.57396697998047,787800.0
RBC,2016-05-17,56.7400016784668,55.279998779296875,52.81080627441406,517400.0
RBC,2016-05-18,55.630001068115234,54.380001068115234,51.9713249206543,736600.0
RBC,2016-05-19,54.52000045776367,53.25,51.28447341918945,492000.0
RBC,2016-05-20,54.279998779296875,53.70000076293945,51.47527313232422,508800.0
RBC,2016-05-23,54.63999938964844,53.7599983215332,51.71376037597656,343000.0
RBC,2016-05-24,55.4900016784668,54.29999923706055,52.82988739013672,686000.0
RBC,2016-05-25,57.0,55.5,54.20356750488281,414300.0
RBC,2016-05-26,57.060001373291016,56.43000030517578,54.02232360839844,235400.0
RBC,2016-05-27,56.939998626708984,56.470001220703125,54.26081848144531,249600.0
RBC,2016-05-31,57.41999816894531,56.529998779296875,54.49930191040039,424000.0
RBC,2016-06-01,57.36000061035156,56.209999084472656,54.222652435302734,280300.0
RBC,2016-06-02,57.220001220703125,56.279998779296875,54.58515548706055,304900.0
RBC,2016-06-03,57.56999969482422,56.79999923706055,54.642398834228516,239800.0
RBC,2016-06-06,58.060001373291016,56.90999984741211,55.36739730834961,268000.0
RBC,2016-06-07,58.369998931884766,57.75,55.17660140991211,263800.0
RBC,2016-06-08,58.619998931884766,57.93000030517578,55.70128631591797,332500.0
RBC,2016-06-09,58.939998626708984,57.02000045776367,55.481868743896484,386700.0
RBC,2016-06-10,57.529998779296875,56.77000045776367,54.566078186035156,288300.0
RBC,2016-06-13,57.91999816894531,56.70000076293945,54.84272384643555,539400.0
RBC,2016-06-14,57.720001220703125,56.849998474121094,54.89042282104492,2787400.0
RBC,2016-06-15,58.61000061035156,57.560001373291016,54.947654724121094,380900.0
RBC,2016-06-16,57.16999816894531,55.9900016784668,54.32759094238281,275500.0
RBC,2016-06-17,58.459999084472656,57.15999984741211,55.644046783447266,691200.0
RBC,2016-06-20,59.65999984741211,58.33000183105469,55.74897384643555,323000.0
RBC,2016-06-21,58.810001373291016,56.97999954223633,54.566078186035156,639200.0
RBC,2016-06-22,58.060001373291016,57.29999923706055,54.90950393676758,201700.0
RBC,2016-06-23,59.11000061035156,58.310001373291016,56.178260803222656,317800.0
RBC,2016-06-24,56.88999938964844,54.599998474121094,52.209815979003906,506400.0
RBC,2016-06-27,53.939998626708984,51.56999969482422,49.424278259277344,560700.0
RBC,2016-06-28,53.2599983215332,51.84000015258789,50.626251220703125,308200.0
RBC,2016-06-29,54.13999938964844,52.959999084472656,50.99998092651367,379400.0
RBC,2016-06-30,55.06999969482422,53.09000015258789,52.75364685058594,402900.0
RBC,2016-07-01,56.029998779296875,54.88999938964844,53.43402862548828,290800.0
RBC,2016-07-05,55.130001068115234,54.099998474121094,52.23617172241211,293400.0
RBC,2016-07-06,56.34000015258789,53.79999923706055,53.721519470214844,675100.0
RBC,2016-07-07,57.18000030517578,56.119998931884766,54.258155822753906,429500.0
RBC,2016-07-08,58.130001068115234,57.0099983215332,55.55184555053711,329200.0
RBC,2016-07-11,58.619998931884766,58.040000915527344,56.03098678588867,267600.0
RBC,2016-07-12,59.959999084472656,58.900001525878906,57.267173767089844,249500.0
RBC,2016-07-13,60.06999969482422,59.029998779296875,56.93177795410156,203100.0
RBC,2016-07-14,60.599998474121094,59.75,57.315093994140625,239300.0
RBC,2016-07-15,60.4900016784668,59.7599983215332,57.57383346557617,775800.0
RBC,2016-07-18,60.34000015258789,59.61000061035156,57.286338806152344,468500.0
RBC,2016-07-19,60.279998779296875,59.290000915527344,57.33425521850586,655900.0
RBC,2016-07-20,60.18000030517578,59.150001525878906,57.37258529663086,434900.0
RBC,2016-07-21,60.560001373291016,59.119998931884766,56.80719757080078,375700.0
RBC,2016-07-22,59.63999938964844,58.689998626708984,57.07551956176758,237100.0
RBC,2016-07-25,59.41999816894531,58.880001068115234,56.84552764892578,201500.0
RBC,2016-07-26,60.650001525878906,59.349998474121094,58.10088348388672,168500.0
RBC,2016-07-27,61.060001373291016,60.09000015258789,58.2254638671875,157400.0
RBC,2016-07-28,60.79999923706055,59.88999938964844,58.0146369934082,182400.0
RBC,2016-07-29,61.18000030517578,59.9900016784668,58.465030670166016,303200.0
RBC,2016-08-01,61.310001373291016,60.2599983215332,58.00505447387695,299900.0
RBC,2016-08-02,59.91999816894531,58.27000045776367,56.43346405029297,351100.0
RBC,2016-08-03,59.310001373291016,58.27000045776367,56.62512969970703,367900.0
RBC,2016-08-04,59.66999816894531,57.900001525878906,56.720947265625,345700.0
RBC,2016-08-05,61.0099983215332,59.36000061035156,58.33087158203125,376100.0
RBC,2016-08-08,61.849998474121094,60.959999084472656,58.66627502441406,444600.0
RBC,2016-08-09,61.66999816894531,57.90999984741211,58.5896110534668,985500.0
RBC,2016-08-10,61.66999816894531,60.43000030517578,58.81001663208008,547200.0
RBC,2016-08-11,63.22999954223633,61.59000015258789,60.37202453613281,362400.0
RBC,2016-08-12,63.20000076293945,62.709999084472656,60.180362701416016,779000.0
RBC,2016-08-15,64.2300033569336,62.9900016784668,61.5027961730957,561200.0
RBC,2016-08-16,64.12999725341797,63.52000045776367,60.89908218383789,242700.0
RBC,2016-08-17,64.08000183105469,63.38999938964844,61.10990524291992,231300.0
RBC,2016-08-18,64.25,63.54999923706055,61.42613220214844,443600.0
RBC,2016-08-19,63.91999816894531,63.310001373291016,61.061988830566406,206700.0
RBC,2016-08-22,63.5099983215332,62.959999084472656,60.56367492675781,192000.0
RBC,2016-08-23,64.04000091552734,63.52000045776367,60.87990951538086,239600.0
RBC,2016-08-24,63.72999954223633,62.70000076293945,60.3241081237793,350800.0
RBC,2016-08-25,63.31999969482422,62.040000915527344,59.68206024169922,586400.0
RBC,2016-08-26,62.689998626708984,61.63999938964844,59.23166275024414,497500.0
RBC,2016-08-29,62.689998626708984,61.470001220703125,59.66288375854492,311500.0
RBC,2016-08-30,62.650001525878906,61.9900016784668,59.52872848510742,219400.0
RBC,2016-08-31,62.150001525878906,60.380001068115234,58.77167892456055,251000.0
RBC,2016-09-01,61.75,60.650001525878906,58.66627502441406,193700.0
RBC,2016-09-02,61.939998626708984,61.56999969482422,59.317909240722656,205700.0
RBC,2016-09-06,62.09000015258789,60.97999954223633,58.56086349487305,153700.0
RBC,2016-09-07,61.38999938964844,60.88999938964844,58.81001663208008,230400.0
RBC,2016-09-08,61.290000915527344,60.86000061035156,58.47461700439453,155700.0
RBC,2016-09-09,60.5,58.63999938964844,56.2034797668457,164500.0
RBC,2016-09-12,60.4900016784668,57.849998474121094,57.70798110961914,453800.0
RBC,2016-09-13,59.91999816894531,58.400001525878906,56.12681579589844,167600.0
RBC,2016-09-14,58.849998474121094,57.5099983215332,55.28352355957031,308700.0
RBC,2016-09-15,58.0099983215332,57.2400016784668,55.331443786621094,253500.0
RBC,2016-09-16,57.2599983215332,56.720001220703125,54.68939208984375,273900.0
RBC,2016-09-19,58.0,56.970001220703125,54.852294921875,217000.0
RBC,2016-09-20,57.779998779296875,56.939998626708984,54.7181282043457,154400.0
RBC,2016-09-21,58.18000030517578,57.41999816894531,55.686004638671875,136400.0
RBC,2016-09-22,59.56999969482422,58.689998626708984,56.92219161987305,252000.0
RBC,2016-09-23,59.349998474121094,58.709999084472656,56.27056121826172,115700.0
RBC,2016-09-26,59.16999816894531,58.130001068115234,55.753082275390625,141200.0
RBC,2016-09-27,57.529998779296875,57.040000915527344,55.043949127197266,182600.0
RBC,2016-09-28,58.77000045776367,57.220001220703125,56.54515075683594,216800.0
RBC,2016-09-29,59.779998779296875,58.470001220703125,56.718360900878906,241200.0
RBC,2016-09-30,59.79999923706055,58.70000076293945,57.24763870239258,243500.0
RBC,2016-10-03,59.790000915527344,58.83000183105469,57.26688003540039,225500.0
RBC,2016-10-04,60.2400016784668,59.310001373291016,57.8057746887207,356100.0
RBC,2016-10-05,61.810001373291016,60.45000076293945,59.201114654541016,372700.0
RBC,2016-10-06,61.97999954223633,61.209999084472656,59.451316833496094,238600.0
RBC,2016-10-07,61.709999084472656,60.7599983215332,58.80656814575195,234900.0
RBC,2016-10-10,61.86000061035156,61.119998931884766,58.83544158935547,129800.0
RBC,2016-10-11,61.29999923706055,59.189998626708984,57.21876525878906,205400.0
RBC,2016-10-12,60.150001525878906,59.04999923706055,57.796146392822266,192300.0
RBC,2016-10-13,59.56999969482422,58.790000915527344,57.122535705566406,118600.0
RBC,2016-10-14,60.459999084472656,59.40999984741211,57.30537033081055,179600.0
RBC,2016-10-17,60.04999923706055,59.29999923706055,57.40160369873047,137500.0
RBC,2016-10-18,60.5,59.45000076293945,57.49783706665039,248400.0
RBC,2016-10-19,59.95000076293945,59.29999923706055,57.06479263305664,137300.0
RBC,2016-10-20,59.45000076293945,58.54999923706055,56.5355224609375,141900.0
RBC,2016-10-21,58.70000076293945,57.650001525878906,56.15060043334961,299500.0
RBC,2016-10-24,59.25,58.54999923706055,56.82421875,226300.0
RBC,2016-10-25,59.04999923706055,57.650001525878906,55.66944885253906,217100.0
RBC,2016-10-26,59.5,57.45000076293945,57.112911224365234,199600.0
RBC,2016-10-27,59.650001525878906,58.099998474121094,56.34306716918945,176000.0
RBC,2016-10-28,59.349998474121094,58.45000076293945,56.391178131103516,134900.0
RBC,2016-10-31,59.349998474121094,58.349998474121094,56.87233352661133,137300.0
RBC,2016-11-01,59.83000183105469,57.25,55.23641586303711,247300.0
RBC,2016-11-02,57.349998474121094,56.45000076293945,54.75526428222656,287600.0
RBC,2016-11-03,58.04999923706055,56.849998474121094,55.04395294189453,263900.0
RBC,2016-11-04,58.95000076293945,56.900001525878906,55.765682220458984,208800.0
RBC,2016-11-07,63.79999923706055,60.5,59.71113967895508,453700.0
RBC,2016-11-08,64.05000305175781,61.70000076293945,60.769676208496094,509300.0
RBC,2016-11-09,65.02999877929688,61.54999923706055,62.06879425048828,431600.0
RBC,2016-11-10,67.69999694824219,65.0999984741211,64.2339859008789,522300.0
RBC,2016-11-11,68.5999984741211,66.55000305175781,65.86991119384766,400300.0
RBC,2016-11-14,69.83000183105469,68.0999984741211,66.30293273925781,270000.0
RBC,2016-11-15,69.80000305175781,68.1500015258789,66.83221435546875,602500.0
RBC,2016-11-16,69.6500015258789,68.5999984741211,66.44729614257812,348000.0
RBC,2016-11-17,69.25,68.0,65.91800689697266,335800.0
RBC,2016-11-18,69.02999877929688,68.0,66.25482177734375,167200.0
RBC,2016-11-21,69.8499984741211,68.8499984741211,67.16902160644531,193500.0
RBC,2016-11-22,71.1500015258789,69.75,68.32378387451172,175500.0
RBC,2016-11-23,72.75,70.80000305175781,69.91159057617188,259600.0
RBC,2016-11-25,73.0,72.0999984741211,69.81536102294922,106500.0
RBC,2016-11-28,72.55000305175781,71.75,69.47855377197266,297200.0
RBC,2016-11-29,72.44999694824219,70.44999694824219,69.18985748291016,178700.0
RBC,2016-11-30,73.5,72.44999694824219,70.15216827392578,254800.0
RBC,2016-12-01,75.30000305175781,72.9000015258789,71.25882720947266,332800.0
RBC,2016-12-02,74.25,73.4000015258789,71.01824951171875,343800.0
RBC,2016-12-05,74.6500015258789,73.1500015258789,70.63331604003906,261800.0
RBC,2016-12-06,73.8499984741211,72.5,70.68142700195312,342300.0
RBC,2016-12-07,74.30000305175781,72.25,71.25882720947266,398400.0
RBC,2016-12-08,75.0,73.9000015258789,72.12491607666016,248900.0
RBC,2016-12-09,75.5999984741211,74.80000305175781,72.26925659179688,139700.0
RBC,2016-12-12,75.1500015258789,73.5999984741211,70.92201232910156,232100.0
RBC,2016-12-13,74.4000015258789,72.8499984741211,70.585205078125,135400.0
RBC,2016-12-14,74.02999877929688,71.30000305175781,68.75682067871094,232700.0
RBC,2016-12-15,72.5999984741211,71.0,69.47855377197266,181200.0
RBC,2016-12-16,72.94999694824219,71.55000305175781,68.99740600585938,342700.0
RBC,2016-12-19,72.22000122070312,71.05000305175781,69.4304428100586,303000.0
RBC,2016-12-20,73.08000183105469,71.4000015258789,68.8049545288086,169900.0
RBC,2016-12-21,72.30000305175781,71.05000305175781,68.5162582397461,291700.0
RBC,2016-12-22,71.5,69.94999694824219,68.17942810058594,262100.0
RBC,2016-12-23,71.0,69.93000030517578,67.79451751708984,150000.0
RBC,2016-12-27,71.19999694824219,70.0999984741211,67.93887329101562,505200.0
RBC,2016-12-28,70.80000305175781,69.0999984741211,66.96363067626953,100200.0
RBC,2016-12-29,69.9000015258789,69.05000305175781,67.34986114501953,106600.0
RBC,2016-12-30,70.22000122070312,69.12999725341797,66.8670654296875,173500.0
RBC,2017-01-03,71.3499984741211,69.6500015258789,68.31544494628906,207300.0
RBC,2017-01-04,72.5,71.0,69.57073211669922,336100.0
RBC,2017-01-05,71.75,70.0999984741211,68.26715850830078,300400.0
RBC,2017-01-06,71.26000213623047,69.30000305175781,67.06017303466797,231000.0
RBC,2017-01-09,70.0,68.30000305175781,67.30156707763672,310600.0
RBC,2017-01-10,72.55000305175781,70.25,68.74995422363281,394100.0
RBC,2017-01-11,73.44999694824219,71.05000305175781,69.86038208007812,241900.0
RBC,2017-01-12,72.33000183105469,70.25,68.94307708740234,255100.0
RBC,2017-01-13,73.1500015258789,71.19999694824219,69.32931518554688,163300.0
RBC,2017-01-17,72.55000305175781,71.0999984741211,68.84651184082031,200300.0
RBC,2017-01-18,72.3499984741211,71.19999694824219,68.74995422363281,107300.0
RBC,2017-01-19,72.5999984741211,71.37999725341797,69.18448638916016,126700.0
RBC,2017-01-20,72.3499984741211,71.25,69.37759399414062,205000.0
RBC,2017-01-23,71.6500015258789,70.25,68.60511016845703,175100.0
RBC,2017-01-24,73.44999694824219,70.6500015258789,70.68114471435547,208400.0
RBC,2017-01-25,74.5,73.58999633789062,71.79156494140625,180700.0
RBC,2017-01-26,74.5999984741211,73.8499984741211,71.35704803466797,191100.0
RBC,2017-01-27,74.25,73.05000305175781,70.68114471435547,143400.0
RBC,2017-01-30,72.44999694824219,70.8499984741211,69.66726684570312,200500.0
RBC,2017-01-31,73.05000305175781,71.3499984741211,70.1017837524414,199300.0
RBC,2017-02-01,74.08000183105469,71.55000305175781,69.86038208007812,352500.0
RBC,2017-02-02,72.1500015258789,70.8499984741211,69.2810287475586,275600.0
RBC,2017-02-03,74.22000122070312,71.94999694824219,71.59845733642578,302800.0
RBC,2017-02-06,74.4000015258789,72.30000305175781,70.7777099609375,400400.0
RBC,2017-02-07,77.19999694824219,73.3499984741211,72.46746826171875,746900.0
RBC,2017-02-08,75.0999984741211,73.80000305175781,71.83984375,381300.0
RBC,2017-02-09,75.75,74.30000305175781,72.41919708251953,458400.0
RBC,2017-02-10,75.69999694824219,74.75,72.51576232910156,327200.0
RBC,2017-02-13,75.80000305175781,75.05000305175781,72.9985580444336,231500.0
RBC,2017-02-14,75.4000015258789,74.44999694824219,72.1295166015625,191400.0
RBC,2017-02-15,74.9000015258789,74.0,71.9364013671875,249300.0
RBC,2017-02-16,74.55000305175781,73.5,71.55016326904297,214400.0
RBC,2017-02-17,74.5,73.25,71.88812255859375,151000.0
RBC,2017-02-21,75.8499984741211,74.75,73.19168090820312,190700.0
RBC,2017-02-22,76.3499984741211,75.3499984741211,73.23995208740234,174200.0
RBC,2017-02-23,77.1500015258789,74.80000305175781,72.3226318359375,211500.0
RBC,2017-02-24,75.30000305175781,73.19999694824219,72.66060638427734,181600.0
RBC,2017-02-27,76.4000015258789,74.6500015258789,73.62618255615234,187600.0
RBC,2017-02-28,75.8499984741211,74.1500015258789,71.88812255859375,250100.0
RBC,2017-03-01,76.94999694824219,75.0,73.57789611816406,298100.0
RBC,2017-03-02,76.55999755859375,74.87999725341797,72.51576232910156,192500.0
RBC,2017-03-03,75.69999694824219,74.44999694824219,72.41919708251953,169800.0
RBC,2017-03-06,75.30000305175781,73.9000015258789,72.41919708251953,154300.0
RBC,2017-03-07,75.3499984741211,74.4000015258789,72.1295166015625,117900.0
RBC,2017-03-08,75.30000305175781,74.19999694824219,71.69500732421875,158200.0
RBC,2017-03-09,75.4000015258789,73.5999984741211,71.30876922607422,230200.0
RBC,2017-03-10,76.30000305175781,74.30000305175781,73.52962493896484,357600.0
RBC,2017-03-13,76.94999694824219,73.6500015258789,72.3226318359375,364200.0
RBC,2017-03-14,74.6500015258789,73.6500015258789,71.98469543457031,185300.0
RBC,2017-03-15,76.75,75.0999984741211,73.38478088378906,218900.0
RBC,2017-03-16,76.3499984741211,74.6500015258789,72.17780303955078,222100.0
RBC,2017-03-17,75.55000305175781,74.44999694824219,72.66060638427734,463700.0
RBC,2017-03-20,75.55000305175781,74.5,72.66060638427734,185500.0
RBC,2017-03-21,76.02999877929688,72.87999725341797,70.48802947998047,413600.0
RBC,2017-03-22,73.5999984741211,72.3499984741211,70.72940826416016,215200.0
RBC,2017-03-23,74.30000305175781,72.9000015258789,71.01910400390625,150000.0
RBC,2017-03-24,74.5,72.69999694824219,70.34318542480469,154300.0
RBC,2017-03-27,72.75,71.05000305175781,69.9569320678711,142700.0
RBC,2017-03-28,74.3499984741211,72.30000305175781,71.21221160888672,231000.0
RBC,2017-03-29,75.05000305175781,72.58000183105469,72.4618911743164,221600.0
RBC,2017-03-30,76.0,74.8499984741211,73.47905731201172,182300.0
RBC,2017-03-31,76.0999984741211,74.94999694824219,73.28532409667969,206600.0
RBC,2017-04-03,76.3499984741211,74.6500015258789,72.80095672607422,241300.0
RBC,2017-04-04,76.69999694824219,75.19999694824219,74.15718841552734,298000.0
RBC,2017-04-05,77.5,75.19999694824219,73.1400146484375,348100.0
RBC,2017-04-06,76.94999694824219,75.5,74.20562744140625,169800.0
RBC,2017-04-07,76.55000305175781,75.5999984741211,73.76969909667969,219800.0
RBC,2017-04-10,77.80000305175781,76.0,75.12593078613281,273600.0
RBC,2017-04-11,77.75,76.75,75.17436981201172,165600.0
RBC,2017-04-12,77.55000305175781,75.0999984741211,73.18843841552734,188200.0
RBC,2017-04-13,75.8499984741211,74.0,71.73534393310547,158100.0
RBC,2017-04-17,75.1500015258789,74.19999694824219,72.65562438964844,265300.0
RBC,2017-04-18,75.4000015258789,74.44999694824219,72.75251007080078,163200.0
RBC,2017-04-19,75.80000305175781,74.8499984741211,72.75251007080078,138200.0
RBC,2017-04-20,76.94999694824219,75.25,74.01187896728516,163200.0
RBC,2017-04-21,76.75,75.69999694824219,73.76969909667969,164100.0
RBC,2017-04-24,78.19999694824219,77.08000183105469,75.65872955322266,178600.0
RBC,2017-04-25,79.25,78.1500015258789,76.09468078613281,174900.0
RBC,2017-04-26,79.45999908447266,78.1500015258789,75.9493637084961,414800.0
RBC,2017-04-27,79.69999694824219,78.1500015258789,76.9181137084961,221900.0
RBC,2017-04-28,79.8499984741211,78.55000305175781,76.38529968261719,268100.0
RBC,2017-05-01,80.0,78.5999984741211,76.77278900146484,178000.0
RBC,2017-05-02,79.80000305175781,78.4000015258789,76.86966705322266,183600.0
RBC,2017-05-03,79.30000305175781,77.69999694824219,76.23998260498047,226500.0
RBC,2017-05-04,79.0999984741211,77.75,76.28842163085938,197100.0
RBC,2017-05-05,83.19999694824219,79.5,80.40557098388672,266400.0
RBC,2017-05-08,83.6500015258789,82.80000305175781,80.50244903564453,386000.0
RBC,2017-05-09,82.25,78.9000015258789,77.01496887207031,401700.0
RBC,2017-05-10,80.69999694824219,79.05000305175781,78.17745971679688,329500.0
RBC,2017-05-11,80.9000015258789,78.80000305175781,77.25716400146484,193500.0
RBC,2017-05-12,79.30000305175781,77.69999694824219,75.65872955322266,327800.0
RBC,2017-05-15,78.75,77.9000015258789,75.56185913085938,291300.0
RBC,2017-05-16,78.69999694824219,77.6500015258789,76.1915512084961,246900.0
RBC,2017-05-17,78.6500015258789,76.4000015258789,74.49625396728516,196500.0
RBC,2017-05-18,78.05000305175781,75.6500015258789,75.27123260498047,305500.0
RBC,2017-05-19,79.19999694824219,76.94999694824219,75.99779510498047,203100.0
RBC,2017-05-22,79.3499984741211,78.68000030517578,76.62748718261719,147700.0
RBC,2017-05-23,80.5,78.44999694824219,77.88684844970703,315400.0
RBC,2017-05-24,80.58000183105469,78.44999694824219,76.82122802734375,187500.0
RBC,2017-05-25,79.6500015258789,78.75,76.62748718261719,129600.0
RBC,2017-05-26,79.30000305175781,78.45999908447266,76.4337387084961,92300.0
RBC,2017-05-30,78.87999725341797,78.19999694824219,76.38529968261719,99000.0
RBC,2017-05-31,79.33000183105469,77.0999984741211,76.7243423461914,244700.0
RBC,2017-06-01,81.94999694824219,79.0,79.19464874267578,358300.0
RBC,2017-06-02,83.6500015258789,81.5,79.72746276855469,373200.0
RBC,2017-06-05,82.3499984741211,81.25,78.75871276855469,101100.0
RBC,2017-06-06,81.9000015258789,79.9000015258789,78.71026611328125,179000.0
RBC,2017-06-07,81.69999694824219,79.80000305175781,77.8384017944336,127100.0
RBC,2017-06-08,82.6500015258789,80.0999984741211,79.24308013916016,173500.0
RBC,2017-06-09,83.0,81.80000305175781,79.92118835449219,224700.0
RBC,2017-06-12,83.30000305175781,81.8499984741211,79.29151916503906,173800.0
RBC,2017-06-13,82.30000305175781,81.6500015258789,79.43682861328125,151300.0
RBC,2017-06-14,82.0999984741211,81.0,79.19464874267578,131300.0
RBC,2017-06-15,81.69999694824219,80.27999877929688,79.00089263916016,150400.0
RBC,2017-06-16,81.6500015258789,80.8499984741211,78.8555908203125,412600.0
RBC,2017-06-19,82.0,81.19999694824219,79.14620971679688,408700.0
RBC,2017-06-20,81.6500015258789,80.25,77.74152374267578,137700.0
RBC,2017-06-21,80.44999694824219,78.1500015258789,75.755615234375,666400.0
RBC,2017-06-22,80.05000305175781,78.25,77.16029357910156,327100.0
RBC,2017-06-23,79.97000122070312,78.80000305175781,76.86966705322266,616100.0
RBC,2017-06-26,80.30000305175781,79.19999694824219,77.74152374267578,211900.0
RBC,2017-06-27,81.1500015258789,79.69999694824219,77.2087173461914,170300.0
RBC,2017-06-28,80.5,79.25,77.70439910888672,455000.0
RBC,2017-06-29,80.80000305175781,78.55000305175781,77.21842956542969,298300.0
RBC,2017-06-30,81.94999694824219,79.6500015258789,79.25945281982422,266400.0
RBC,2017-07-03,82.3499984741211,81.69999694824219,79.84261322021484,99700.0
RBC,2017-07-05,82.3499984741211,81.5,79.6482162475586,171500.0
RBC,2017-07-06,82.44999694824219,81.6500015258789,79.9884033203125,353500.0
RBC,2017-07-07,83.55000305175781,81.83000183105469,81.15469360351562,221900.0
RBC,2017-07-10,84.5999984741211,82.94999694824219,81.78643035888672,224600.0
RBC,2017-07-11,84.8499984741211,83.55000305175781,82.17520141601562,315800.0
RBC,2017-07-12,85.8499984741211,84.05000305175781,81.83501434326172,401400.0
RBC,2017-07-13,84.77999877929688,83.8499984741211,82.22380065917969,251100.0
RBC,2017-07-14,84.80000305175781,84.0999984741211,81.78643035888672,310000.0
RBC,2017-07-17,84.5,83.55000305175781,81.83501434326172,110600.0
RBC,2017-07-18,84.94999694824219,83.4000015258789,82.41817474365234,281200.0
RBC,2017-07-19,86.69999694824219,83.55000305175781,84.1676254272461,278600.0
RBC,2017-07-20,87.5,86.0,84.31340789794922,238200.0
RBC,2017-07-21,86.55000305175781,85.05999755859375,82.85553741455078,189100.0
RBC,2017-07-24,85.8499984741211,84.5,82.56395721435547,156300.0
RBC,2017-07-25,86.5999984741211,85.4000015258789,83.39008331298828,301700.0
RBC,2017-07-26,86.25,84.0,82.02941131591797,238100.0
RBC,2017-07-27,84.80000305175781,83.9000015258789,82.32097625732422,154600.0
RBC,2017-07-28,85.0,83.4000015258789,81.4462661743164,168600.0
RBC,2017-07-31,84.1500015258789,82.80000305175781,81.00889587402344,266600.0
RBC,2017-08-01,83.5999984741211,81.94999694824219,80.03699493408203,326700.0
RBC,2017-08-02,82.9000015258789,81.94999694824219,80.27996063232422,173900.0
RBC,2017-08-03,83.5,82.19999694824219,81.0574951171875,264900.0
RBC,2017-08-04,84.6500015258789,83.55000305175781,81.592041015625,326800.0
RBC,2017-08-07,84.4000015258789,82.5999984741211,81.98081970214844,297300.0
RBC,2017-08-08,82.25,79.80000305175781,79.01648712158203,399300.0
RBC,2017-08-09,81.4000015258789,80.19999694824219,78.09315490722656,334100.0
RBC,2017-08-10,79.75,77.69999694824219,76.8296890258789,492400.0
RBC,2017-08-11,79.44999694824219,77.94999694824219,76.63529968261719,378700.0
RBC,2017-08-14,79.9000015258789,78.69999694824219,76.87828063964844,256700.0
RBC,2017-08-15,79.44999694824219,78.55000305175781,76.3437271118164,261400.0
RBC,2017-08-16,79.02999877929688,78.4000015258789,76.39231872558594,259900.0
RBC,2017-08-17,78.44999694824219,76.3499984741211,74.25411224365234,342800.0
RBC,2017-08-18,76.94999694824219,75.8499984741211,73.9139404296875,317700.0
RBC,2017-08-21,76.6500015258789,75.6500015258789,73.52517700195312,267300.0
RBC,2017-08-22,77.05000305175781,76.05000305175781,74.35130310058594,204000.0
RBC,2017-08-23,76.25,74.80000305175781,72.89342498779297,296500.0
RBC,2017-08-24,75.5999984741211,72.69999694824219,70.7552261352539,377500.0
RBC,2017-08-25,73.75,73.0,71.58135223388672,364700.0
RBC,2017-08-28,74.05000305175781,72.80000305175781,71.28978729248047,414700.0
RBC,2017-08-29,73.9000015258789,72.1500015258789,71.72713470458984,310200.0
RBC,2017-08-30,74.25,73.1500015258789,72.0186996459961,221500.0
RBC,2017-08-31,75.55000305175781,74.0,73.28219604492188,273200.0
RBC,2017-09-01,75.94999694824219,75.0999984741211,73.28219604492188,142500.0
RBC,2017-09-05,75.80000305175781,73.80000305175781,71.97012329101562,149400.0
RBC,2017-09-06,74.80000305175781,73.47000122070312,72.40748596191406,250700.0
RBC,2017-09-07,74.6500015258789,73.1500015258789,72.21309661865234,134600.0
RBC,2017-09-08,75.6500015258789,73.94999694824219,73.427978515625,218300.0
RBC,2017-09-11,77.05000305175781,75.8499984741211,74.64288330078125,240900.0
RBC,2017-09-12,77.44999694824219,76.55000305175781,75.27462005615234,104200.0
RBC,2017-09-13,78.0,77.0999984741211,75.66338348388672,146600.0
RBC,2017-09-14,78.4000015258789,76.68000030517578,75.46900177001953,163700.0
RBC,2017-09-15,77.55000305175781,76.3499984741211,74.88585662841797,453000.0
RBC,2017-09-18,78.3499984741211,77.3499984741211,75.76058959960938,179800.0
RBC,2017-09-19,78.4000015258789,77.44999694824219,76.10073852539062,213900.0
RBC,2017-09-20,79.44999694824219,77.80000305175781,76.48950958251953,178100.0
RBC,2017-09-21,78.94999694824219,78.44999694824219,76.29512786865234,131700.0
RBC,2017-09-22,78.94999694824219,78.30000305175781,76.5381088256836,216900.0
RBC,2017-09-25,79.05000305175781,78.3499984741211,76.68389129638672,227600.0
RBC,2017-09-26,79.30000305175781,78.3499984741211,76.3437271118164,402500.0
RBC,2017-09-27,79.94999694824219,78.3499984741211,77.46141815185547,268400.0
RBC,2017-09-28,80.0,79.0,77.81245422363281,252500.0
RBC,2017-09-29,80.19999694824219,78.9000015258789,77.0323715209961,358900.0
RBC,2017-10-02,81.1500015258789,78.8499984741211,78.78755187988281,284300.0
RBC,2017-10-03,80.75,79.69999694824219,78.25125122070312,242600.0
RBC,2017-10-04,80.6500015258789,79.80000305175781,78.25125122070312,186200.0
RBC,2017-10-05,80.69999694824219,79.44999694824219,77.66618347167969,213300.0
RBC,2017-10-06,79.9000015258789,78.5,76.59358978271484,356500.0
RBC,2017-10-09,79.30000305175781,78.55000305175781,76.83735656738281,190400.0
RBC,2017-10-10,79.80000305175781,78.4000015258789,76.69110870361328,154900.0
RBC,2017-10-11,78.9000015258789,78.30000305175781,76.83735656738281,184300.0
RBC,2017-10-12,80.25,78.5999984741211,77.90996551513672,193500.0
RBC,2017-10-13,80.75,79.69999694824219,77.76370239257812,177800.0
RBC,2017-10-16,80.3499984741211,79.1500015258789,77.617431640625,140100.0
RBC,2017-10-17,80.0999984741211,78.80000305175781,76.83735656738281,217600.0
RBC,2017-10-18,79.5,78.62999725341797,76.73985290527344,206600.0
RBC,2017-10-19,79.30000305175781,78.05000305175781,77.2761459350586,190200.0
RBC,2017-10-20,80.05000305175781,79.1500015258789,77.90996551513672,136600.0
RBC,2017-10-23,79.8499984741211,78.69999694824219,76.93487548828125,134600.0
RBC,2017-10-24,79.55000305175781,78.5999984741211,76.83735656738281,274000.0
RBC,2017-10-25,79.6500015258789,78.19999694824219,76.88610076904297,255400.0
RBC,2017-10-26,81.5999984741211,78.80000305175781,79.37261199951172,301100.0
RBC,2017-10-27,81.5,80.30000305175781,79.08007049560547,198100.0
RBC,2017-10-30,80.94999694824219,80.25,78.30000305175781,170200.0
RBC,2017-10-31,81.9000015258789,80.62000274658203,79.12882995605469,283600.0
RBC,2017-11-01,81.8499984741211,79.6500015258789,77.81245422363281,335800.0
RBC,2017-11-02,80.5,79.69999694824219,78.20248413085938,389200.0
RBC,2017-11-03,81.55000305175781,79.25,78.69002532958984,348900.0
RBC,2017-11-06,79.75,76.0,75.52098083496094,583100.0
RBC,2017-11-07,77.94999694824219,76.19999694824219,74.4483871459961,301800.0
RBC,2017-11-08,77.80000305175781,75.9000015258789,75.61849975585938,270000.0
RBC,2017-11-09,77.30000305175781,76.27999877929688,75.03343963623047,228400.0
RBC,2017-11-10,77.6500015258789,76.3499984741211,75.42346954345703,342500.0
RBC,2017-11-13,77.0,75.94999694824219,74.49713897705078,182100.0
RBC,2017-11-14,76.0999984741211,75.30000305175781,73.61954498291016,213000.0
RBC,2017-11-15,75.0,73.69999694824219,71.9618911743164,367000.0
RBC,2017-11-16,75.5,73.55000305175781,73.42454528808594,414400.0
RBC,2017-11-17,76.44999694824219,74.5,74.00959014892578,289700.0
RBC,2017-11-20,76.6500015258789,75.5,74.4483871459961,214300.0
RBC,2017-11-21,76.80000305175781,75.5999984741211,74.35086822509766,195200.0
RBC,2017-11-22,76.6500015258789,75.8499984741211,74.2046127319336,121000.0
RBC,2017-11-24,76.19999694824219,75.5999984741211,73.9120864868164,66200.0
RBC,2017-11-27,75.87999725341797,74.80000305175781,73.37577819824219,334700.0
RBC,2017-11-28,76.8499984741211,75.44999694824219,74.74091339111328,197300.0
RBC,2017-11-29,76.94999694824219,75.69999694824219,75.03343963623047,260600.0
RBC,2017-11-30,78.05000305175781,76.5999984741211,75.03343963623047,315600.0
RBC,2017-12-01,77.1500015258789,74.55000305175781,74.35086822509766,308000.0
RBC,2017-12-04,78.75,77.05000305175781,75.22846221923828,269800.0
RBC,2017-12-05,77.5999984741211,75.0999984741211,73.52204895019531,222100.0
RBC,2017-12-06,76.44999694824219,74.75,73.47328186035156,226500.0
RBC,2017-12-07,76.5,75.25,74.49713897705078,232800.0
RBC,2017-12-08,77.0,76.1500015258789,74.39962005615234,230400.0
RBC,2017-12-11,76.3499984741211,75.19999694824219,73.71704864501953,236400.0
RBC,2017-12-12,76.8499984741211,75.44999694824219,74.10709381103516,159900.0
RBC,2017-12-13,76.55000305175781,75.69999694824219,74.00959014892578,201000.0
RBC,2017-12-14,76.3499984741211,74.55000305175781,72.74195861816406,221700.0
RBC,2017-12-15,76.94999694824219,75.0999984741211,74.25336456298828,379300.0
RBC,2017-12-18,78.5,77.0,76.25230407714844,318300.0
RBC,2017-12-19,78.80000305175781,78.0999984741211,76.20355987548828,337900.0
RBC,2017-12-20,79.25,78.5999984741211,76.93487548828125,155500.0
RBC,2017-12-21,79.0999984741211,77.80000305175781,76.0572738647461,178000.0
RBC,2017-12-22,78.25,77.25,75.56973266601562,152100.0
RBC,2017-12-26,78.05000305175781,76.3499984741211,75.81350708007812,162300.0
RBC,2017-12-27,78.4000015258789,76.94999694824219,75.61849975585938,183100.0
RBC,2017-12-28,77.5,76.0999984741211,75.72611999511719,233100.0
RBC,2017-12-29,77.9000015258789,76.5,74.94342041015625,176100.0
RBC,2018-01-02,77.69999694824219,76.30000305175781,75.67718505859375,225100.0
RBC,2018-01-03,78.55000305175781,77.19999694824219,76.80231475830078,249300.0
RBC,2018-01-04,79.62999725341797,78.69999694824219,77.43827056884766,386700.0
RBC,2018-01-05,79.4000015258789,78.30000305175781,77.48717498779297,301800.0
RBC,2018-01-08,80.30000305175781,79.05000305175781,77.92745208740234,204000.0
RBC,2018-01-09,79.69999694824219,78.30000305175781,76.70449829101562,392400.0
RBC,2018-01-10,78.69999694824219,76.55000305175781,75.13909912109375,322600.0
RBC,2018-01-11,78.0999984741211,76.3499984741211,76.3131332397461,246200.0
RBC,2018-01-12,78.5,77.75,76.362060546875,172000.0
RBC,2018-01-16,79.69999694824219,77.93000030517578,76.75340270996094,293800.0
RBC,2018-01-17,79.25,78.30000305175781,77.04692077636719,245400.0
RBC,2018-01-18,79.0,77.8499984741211,76.3131332397461,226000.0
RBC,2018-01-19,79.69999694824219,77.9000015258789,77.682861328125,398900.0
RBC,2018-01-22,79.69999694824219,78.30000305175781,77.48717498779297,261300.0
RBC,2018-01-23,79.1500015258789,78.3499984741211,76.80231475830078,220600.0
RBC,2018-01-24,79.5999984741211,78.22000122070312,77.53610229492188,299400.0
RBC,2018-01-25,79.55000305175781,77.69999694824219,76.80231475830078,430400.0
RBC,2018-01-26,79.9000015258789,77.69999694824219,77.92745208740234,186100.0
RBC,2018-01-29,80.55000305175781,79.08000183105469,77.53610229492188,244700.0
RBC,2018-01-30,79.4000015258789,78.25,77.14476013183594,173000.0
RBC,2018-01-31,79.6500015258789,77.80000305175781,76.2153091430664,283100.0
RBC,2018-02-01,79.4000015258789,77.19999694824219,76.94908905029297,264700.0
RBC,2018-02-02,78.4000015258789,76.47000122070312,75.33476257324219,396700.0
RBC,2018-02-05,76.55000305175781,71.94999694824219,70.44290924072266,1014800.0
RBC,2018-02-06,76.55000305175781,71.4000015258789,72.10613250732422,853100.0
RBC,2018-02-07,76.80000305175781,74.0,73.96504974365234,484800.0
RBC,2018-02-08,75.94999694824219,73.8499984741211,72.35071563720703,735500.0
RBC,2018-02-09,75.8499984741211,72.44999694824219,73.52477264404297,527400.0
RBC,2018-02-12,76.5999984741211,75.05000305175781,74.35638427734375,500500.0
RBC,2018-02-13,75.80000305175781,74.19999694824219,72.83991241455078,289900.0
RBC,2018-02-14,75.75,74.0,73.96504974365234,233300.0
RBC,2018-02-15,76.25,75.05000305175781,74.3074722290039,309100.0
RBC,2018-02-16,76.55000305175781,74.25,73.08450317382812,491700.0
RBC,2018-02-20,74.3499984741211,73.05000305175781,71.86153411865234,467700.0
RBC,2018-02-21,75.0,73.1500015258789,71.616943359375,373600.0
RBC,2018-02-22,74.52999877929688,73.3499984741211,72.54640197753906,210400.0
RBC,2018-02-23,74.69999694824219,73.25,72.25289154052734,217700.0
RBC,2018-02-26,75.0,73.30000305175781,73.32909393310547,171600.0
RBC,2018-02-27,75.5999984741211,73.4000015258789,72.00829315185547,298100.0
RBC,2018-02-28,75.0,72.1500015258789,70.73640441894531,470400.0
RBC,2018-03-01,72.05000305175781,69.44999694824219,68.2415542602539,407500.0
RBC,2018-03-02,70.08000183105469,67.83999633789062,68.29048156738281,431800.0
RBC,2018-03-05,71.4000015258789,69.44999694824219,69.36669158935547,370300.0
RBC,2018-03-06,72.9000015258789,70.80000305175781,70.88316345214844,356600.0
RBC,2018-03-07,72.6500015258789,71.25,70.6875,234000.0
RBC,2018-03-08,73.02999877929688,71.1500015258789,71.17667388916016,274600.0
RBC,2018-03-09,74.5999984741211,73.0999984741211,72.69316101074219,145500.0
RBC,2018-03-12,76.05000305175781,74.0999984741211,72.59532165527344,267400.0
RBC,2018-03-13,74.9000015258789,73.3499984741211,72.44857025146484,257000.0
RBC,2018-03-14,74.94999694824219,73.6500015258789,72.83991241455078,283500.0
RBC,2018-03-15,74.75,73.0,71.71478271484375,202300.0
RBC,2018-03-16,75.19999694824219,73.4000015258789,73.08450317382812,379500.0
RBC,2018-03-19,74.55000305175781,73.25,72.54640197753906,197200.0
RBC,2018-03-20,75.0999984741211,73.94999694824219,72.83991241455078,270900.0
RBC,2018-03-21,74.3499984741211,73.3499984741211,71.91046142578125,262200.0
RBC,2018-03-22,73.75,71.8499984741211,70.54073333740234,437000.0
RBC,2018-03-23,72.30000305175781,69.9000015258789,68.48614501953125,258900.0
RBC,2018-03-26,71.80000305175781,69.4000015258789,68.975341796875,217000.0
RBC,2018-03-27,71.3499984741211,69.25,68.33938598632812,363500.0
RBC,2018-03-28,70.0,69.0,68.69292449951172,399800.0
RBC,2018-03-29,73.94999694824219,70.0999984741211,72.03182220458984,475400.0
RBC,2018-04-02,73.0,69.75,69.23304748535156,561400.0
RBC,2018-04-03,71.6500015258789,70.0999984741211,70.31326293945312,319100.0
RBC,2018-04-04,72.44999694824219,69.5999984741211,71.04978942871094,463800.0
RBC,2018-04-05,73.87999725341797,72.4000015258789,72.27732849121094,257600.0
RBC,2018-04-06,73.33000183105469,71.1500015258789,70.31326293945312,307600.0
RBC,2018-04-09,72.19999694824219,70.5,69.38035583496094,228400.0
RBC,2018-04-10,73.94999694824219,71.58000183105469,71.24620056152344,280200.0
RBC,2018-04-11,72.72000122070312,71.55000305175781,71.19709777832031,183100.0
RBC,2018-04-12,73.30000305175781,72.27999877929688,71.0988998413086,359400.0
RBC,2018-04-13,72.9000015258789,71.37999725341797,70.9024887084961,283200.0
RBC,2018-04-16,74.31999969482422,72.5,72.7683334350586,265600.0
RBC,2018-04-17,74.8499984741211,73.94999694824219,73.11205291748047,238800.0
RBC,2018-04-18,75.0999984741211,74.19999694824219,73.35755920410156,136800.0
RBC,2018-04-19,75.25,74.05000305175781,73.79946899414062,321000.0
RBC,2018-04-20,75.55000305175781,74.4000015258789,73.94676971435547,464200.0
RBC,2018-04-23,76.0,75.25,74.0940933227539,597200.0
RBC,2018-04-24,76.3499984741211,72.8499984741211,72.32642364501953,533700.0
RBC,2018-04-25,74.69999694824219,73.44999694824219,72.9156494140625,174100.0
RBC,2018-04-26,74.30000305175781,73.1500015258789,72.32642364501953,231800.0
RBC,2018-04-27,73.5,72.1500015258789,71.24620056152344,323100.0
RBC,2018-04-30,72.94999694824219,71.19999694824219,69.92046356201172,219200.0
RBC,2018-05-01,71.44999694824219,69.94999694824219,70.01866912841797,277300.0
RBC,2018-05-02,71.5999984741211,70.8499984741211,69.6749496459961,288700.0
RBC,2018-05-03,70.83999633789062,69.30000305175781,69.47855377197266,248200.0
RBC,2018-05-04,72.55000305175781,70.0999984741211,70.75518035888672,150300.0
RBC,2018-05-07,74.1500015258789,72.19999694824219,72.62103271484375,375900.0
RBC,2018-05-08,78.0,75.6500015258789,75.51802825927734,498100.0
RBC,2018-05-09,78.0,76.75,76.2054443359375,298100.0
RBC,2018-05-10,79.3499984741211,77.6500015258789,77.28567504882812,433700.0
RBC,2018-05-11,80.0999984741211,78.6500015258789,78.41500091552734,403500.0
RBC,2018-05-14,80.44999694824219,79.25,77.97309875488281,293000.0
RBC,2018-05-15,79.8499984741211,78.75,77.8749008178711,453400.0
RBC,2018-05-16,80.25,78.62999725341797,78.26769256591797,271500.0
RBC,2018-05-17,80.9000015258789,79.5999984741211,78.85691833496094,212300.0
RBC,2018-05-18,81.25,79.94999694824219,78.85691833496094,266700.0
RBC,2018-05-21,81.1500015258789,80.30000305175781,78.95512390136719,390100.0
RBC,2018-05-22,80.8499984741211,79.80000305175781,78.66051483154297,175300.0
RBC,2018-05-23,80.4000015258789,79.4000015258789,78.66051483154297,302100.0
RBC,2018-05-24,80.80000305175781,79.58000183105469,79.10243225097656,99800.0
RBC,2018-05-25,80.94999694824219,80.0,78.95512390136719,115300.0
RBC,2018-05-29,80.69999694824219,79.5999984741211,79.0533218383789,258900.0
RBC,2018-05-30,82.1500015258789,80.75,80.3299789428711,320100.0
RBC,2018-05-31,81.6500015258789,79.3499984741211,78.0221939086914,477300.0
RBC,2018-06-01,80.87999725341797,80.05000305175781,78.75871276855469,217100.0
RBC,2018-06-04,80.94999694824219,80.0,79.15153503417969,229400.0
RBC,2018-06-05,81.3499984741211,80.30000305175781,79.6425552368164,191100.0
RBC,2018-06-06,81.5999984741211,80.69999694824219,79.93716430664062,173300.0
RBC,2018-06-07,82.19999694824219,81.1500015258789,80.3299789428711,162100.0
RBC,2018-06-08,82.30000305175781,80.94999694824219,80.1335678100586,213400.0
RBC,2018-06-11,82.25,81.0,79.98625183105469,161400.0
RBC,2018-06-12,82.0999984741211,81.0,80.2808609008789,234800.0
RBC,2018-06-13,81.69999694824219,80.9000015258789,79.59345245361328,128500.0
RBC,2018-06-14,81.80000305175781,80.5999984741211,80.2808609008789,135900.0
RBC,2018-06-15,82.75,80.8499984741211,80.919189453125,442000.0
RBC,2018-06-18,82.8499984741211,82.0,81.21379089355469,131900.0
RBC,2018-06-19,81.9000015258789,80.05000305175781,80.23175811767578,239400.0
RBC,2018-06-20,82.25,81.33000183105469,80.42816925048828,143900.0
RBC,2018-06-21,81.75,80.0,79.20064544677734,193900.0
RBC,2018-06-22,81.4000015258789,80.19999694824219,78.95512390136719,476800.0
RBC,2018-06-25,80.55000305175781,78.5999984741211,78.36591339111328,280200.0
RBC,2018-06-26,80.37999725341797,79.5,78.66051483154297,169900.0
RBC,2018-06-27,82.44999694824219,80.5,79.10243225097656,206300.0
RBC,2018-06-28,80.6500015258789,79.30000305175781,79.2798080444336,136300.0
RBC,2018-06-29,82.19999694824219,80.27999877929688,80.61017608642578,293300.0
RBC,2018-07-02,81.9000015258789,80.55000305175781,80.1667251586914,281100.0
RBC,2018-07-03,82.3499984741211,80.1500015258789,79.03343963623047,152700.0
RBC,2018-07-05,80.55000305175781,79.69999694824219,79.32908630371094,398400.0
RBC,2018-07-06,80.80000305175781,79.80000305175781,79.08271789550781,262100.0
RBC,2018-07-09,82.30000305175781,80.6500015258789,81.00434875488281,185000.0
RBC,2018-07-10,83.44999694824219,82.30000305175781,81.20144653320312,434000.0
RBC,2018-07-11,81.6500015258789,80.30000305175781,79.62471771240234,162900.0
RBC,2018-07-12,82.1500015258789,80.3499984741211,80.80726623535156,191300.0
RBC,2018-07-13,83.0999984741211,82.05000305175781,81.25071716308594,164500.0
RBC,2018-07-16,82.8499984741211,81.5999984741211,81.00434875488281,192300.0
RBC,2018-07-17,82.8499984741211,82.25,81.44782257080078,178500.0
RBC,2018-07-18,83.44999694824219,82.3499984741211,81.98981475830078,118800.0
RBC,2018-07-19,84.19999694824219,82.5999984741211,82.87671661376953,196200.0
RBC,2018-07-20,83.80000305175781,83.0,81.94054412841797,132900.0
RBC,2018-07-23,83.0999984741211,81.94999694824219,81.15217590332031,133400.0
RBC,2018-07-24,83.4000015258789,82.4000015258789,81.54634857177734,94200.0
RBC,2018-07-25,83.75,81.5999984741211,82.28544616699219,156600.0
RBC,2018-07-26,86.37999725341797,83.1500015258789,84.35490417480469,317500.0
RBC,2018-07-27,86.05000305175781,85.05000305175781,83.91144561767578,300800.0
RBC,2018-07-30,86.30000305175781,83.55000305175781,82.43326568603516,172300.0
RBC,2018-07-31,86.0999984741211,84.0999984741211,84.6998062133789,193800.0
RBC,2018-08-01,86.0999984741211,83.94999694824219,82.77818298339844,199000.0
RBC,2018-08-02,84.69999694824219,83.4000015258789,83.32018280029297,255500.0
RBC,2018-08-03,84.80000305175781,83.19999694824219,82.48252868652344,153700.0
RBC,2018-08-06,85.5,83.44999694824219,83.9607162475586,395800.0
RBC,2018-08-07,86.6500015258789,81.4000015258789,80.8565444946289,293000.0
RBC,2018-08-08,82.69999694824219,81.94999694824219,80.8565444946289,211500.0
RBC,2018-08-09,82.30000305175781,81.0999984741211,80.1667251586914,125100.0
RBC,2018-08-10,81.25,80.30000305175781,79.4276351928711,115800.0
RBC,2018-08-13,80.9000015258789,79.8499984741211,79.08271789550781,124900.0
RBC,2018-08-14,81.1500015258789,80.0999984741211,79.2798080444336,204600.0
RBC,2018-08-15,80.55000305175781,79.44999694824219,79.23054504394531,299200.0
RBC,2018-08-16,81.94999694824219,80.69999694824219,80.31453704833984,129400.0
RBC,2018-08-17,83.1500015258789,81.44999694824219,81.44782257080078,160000.0
RBC,2018-08-20,83.80000305175781,82.94999694824219,82.28544616699219,90800.0
RBC,2018-08-21,85.0,83.44999694824219,83.4187240600586,109700.0
RBC,2018-08-22,84.80000305175781,83.5999984741211,82.48252868652344,84700.0
RBC,2018-08-23,83.75,82.52999877929688,81.89126586914062,82700.0
RBC,2018-08-24,83.69999694824219,83.05000305175781,82.13763427734375,64200.0
RBC,2018-08-27,85.0999984741211,83.3499984741211,83.46798706054688,90400.0
RBC,2018-08-28,85.25,84.25,83.2708969116211,81000.0
RBC,2018-08-29,85.9000015258789,84.19999694824219,83.91144561767578,157800.0
RBC,2018-08-30,85.19999694824219,83.4000015258789,82.63035583496094,176400.0
RBC,2018-08-31,84.05000305175781,82.94999694824219,82.48252868652344,201300.0
RBC,2018-09-04,83.75,82.4000015258789,81.74343872070312,144900.0
RBC,2018-09-05,83.6500015258789,82.6500015258789,82.43326568603516,202600.0
RBC,2018-09-06,84.6500015258789,83.19999694824219,82.23616790771484,172500.0
RBC,2018-09-07,83.44999694824219,81.6500015258789,81.89126586914062,272900.0
RBC,2018-09-10,83.5999984741211,82.4000015258789,81.39854431152344,262500.0
RBC,2018-09-11,82.55000305175781,81.30000305175781,81.1029052734375,162900.0
RBC,2018-09-12,82.69999694824219,81.30000305175781,81.34927368164062,161000.0
RBC,2018-09-13,83.8499984741211,82.69999694824219,82.23616790771484,102300.0
RBC,2018-09-14,85.30000305175781,83.1500015258789,83.66507720947266,154300.0
RBC,2018-09-17,85.30000305175781,83.6500015258789,82.53180694580078,118500.0
RBC,2018-09-18,85.25,82.8499984741211,83.0245361328125,127000.0
RBC,2018-09-19,85.12999725341797,83.75,82.67962646484375,101200.0
RBC,2018-09-20,86.1500015258789,84.0999984741211,84.8476333618164,189500.0
RBC,2018-09-21,86.75,85.69999694824219,84.50272369384766,471300.0
RBC,2018-09-24,85.6500015258789,84.19999694824219,83.76362609863281,102900.0
RBC,2018-09-25,85.0,84.25,83.36945343017578,162400.0
RBC,2018-09-26,84.4000015258789,82.55000305175781,81.44782257080078,234900.0
RBC,2018-09-27,83.5999984741211,82.19999694824219,81.92243957519531,236100.0
RBC,2018-09-28,83.44999694824219,82.3499984741211,81.52691650390625,145000.0
RBC,2018-10-01,83.63999938964844,82.63999938964844,82.35751342773438,264800.0
RBC,2018-10-02,83.7699966430664,82.94000244140625,82.12020111083984,306400.0
RBC,2018-10-03,85.72000122070312,83.62999725341797,84.0681381225586,342800.0
RBC,2018-10-04,85.19000244140625,83.23999786376953,83.01012420654297,136500.0
RBC,2018-10-05,84.0999984741211,82.98999786376953,82.59481811523438,193000.0
RBC,2018-10-08,83.94000244140625,82.8499984741211,82.69371032714844,92600.0
RBC,2018-10-09,83.5,82.22000122070312,81.62580871582031,134800.0
RBC,2018-10-10,81.94999694824219,79.55999755859375,78.83737182617188,260300.0
RBC,2018-10-11,79.75,76.97000122070312,76.177490234375,241900.0
RBC,2018-10-12,78.61000061035156,75.80999755859375,75.5940933227539,415800.0
RBC,2018-10-15,77.86000061035156,76.18000030517578,76.35547637939453,238100.0
RBC,2018-10-16,79.43000030517578,77.06999969482422,78.42207336425781,399900.0
RBC,2018-10-17,79.80000305175781,78.25,78.35285949707031,144800.0
RBC,2018-10-18,79.56999969482422,76.87000274658203,76.06871795654297,205900.0
RBC,2018-10-19,77.2699966430664,74.2699966430664,73.5868148803711,335500.0
RBC,2018-10-22,75.22000122070312,74.58000183105469,74.11088562011719,219600.0
RBC,2018-10-23,73.73999786376953,72.05000305175781,71.97506713867188,167500.0
RBC,2018-10-24,72.7699966430664,69.58999633789062,68.8504409790039,181700.0
RBC,2018-10-25,71.05999755859375,69.55000305175781,69.2855224609375,382200.0
RBC,2018-10-26,72.0,68.80999755859375,70.17544555664062,248700.0
RBC,2018-10-29,72.48999786376953,68.62000274658203,68.67245483398438,235600.0
RBC,2018-10-30,70.33000183105469,68.93000030517578,69.433837890625,331500.0
RBC,2018-10-31,72.11000061035156,71.1500015258789,70.89727020263672,378200.0
RBC,2018-11-01,74.80000305175781,72.05000305175781,73.87356567382812,232000.0
RBC,2018-11-02,76.22000122070312,74.19000244140625,74.64482879638672,377200.0
RBC,2018-11-05,79.25,75.94999694824219,76.197265625,476200.0
RBC,2018-11-06,77.19000244140625,75.9000015258789,75.64352416992188,302900.0
RBC,2018-11-07,78.0199966430664,76.30000305175781,76.7905502319336,321500.0
RBC,2018-11-08,78.12999725341797,76.30999755859375,76.06871795654297,318100.0
RBC,2018-11-09,76.9800033569336,74.79000091552734,75.86106872558594,414600.0
RBC,2018-11-12,78.33000183105469,76.20999908447266,75.50509643554688,239300.0
RBC,2018-11-13,77.80000305175781,76.11000061035156,75.82151794433594,184500.0
RBC,2018-11-14,78.80999755859375,76.2699966430664,75.69297790527344,186600.0
RBC,2018-11-15,77.87999725341797,75.76000213623047,76.8993148803711,162600.0
RBC,2018-11-16,78.75,76.5199966430664,77.59147644042969,167000.0
RBC,2018-11-19,78.61000061035156,76.91999816894531,76.2862548828125,218100.0
RBC,2018-11-20,76.62999725341797,74.69999694824219,74.58551025390625,248000.0
RBC,2018-11-21,77.91000366210938,75.47000122070312,75.85118103027344,185900.0
RBC,2018-11-23,76.69000244140625,74.83999633789062,75.32711029052734,51900.0
RBC,2018-11-26,77.5,76.5,76.35547637939453,141000.0
RBC,2018-11-27,76.86000061035156,75.5999984741211,75.25789642333984,286600.0
RBC,2018-11-28,78.55000305175781,75.9000015258789,77.63102722167969,287100.0
RBC,2018-11-29,78.58999633789062,77.33999633789062,76.59278106689453,138100.0
RBC,2018-11-30,78.43000030517578,76.73999786376953,77.30472564697266,267900.0
RBC,2018-12-03,80.6500015258789,78.20999908447266,77.64092254638672,224200.0
RBC,2018-12-04,78.9000015258789,75.27999877929688,74.49652099609375,214200.0
RBC,2018-12-06,77.12999725341797,72.88999938964844,76.03905487060547,471100.0
RBC,2018-12-07,77.3499984741211,75.33999633789062,74.86237335205078,555500.0
RBC,2018-12-10,76.44999694824219,74.68000030517578,74.12076568603516,648600.0
RBC,2018-12-11,77.19999694824219,74.04000091552734,73.5571517944336,274300.0
RBC,2018-12-12,76.29000091552734,75.0199966430664,74.57561492919922,281100.0
RBC,2018-12-13,75.75,73.7300033569336,72.944091796875,301600.0
RBC,2018-12-14,73.95999908447266,72.55000305175781,72.2123794555664,195400.0
RBC,2018-12-17,73.41000366210938,70.55000305175781,69.9776840209961,218800.0
RBC,2018-12-18,72.1500015258789,70.8499984741211,70.51163482666016,211200.0
RBC,2018-12-19,72.20999908447266,69.0999984741211,68.71200561523438,214400.0
RBC,2018-12-20,69.77999877929688,67.36000061035156,67.55510711669922,225100.0
RBC,2018-12-21,69.0,66.88999938964844,66.4970932006836,727200.0
RBC,2018-12-24,69.18000030517578,66.04000091552734,66.18067932128906,234000.0
RBC,2018-12-26,69.56999969482422,66.37999725341797,68.7317886352539,249600.0
RBC,2018-12-27,70.12999725341797,67.72000122070312,69.61538696289062,137500.0
RBC,2018-12-28,70.9000015258789,69.5,69.53596496582031,131400.0
RBC,2018-12-31,70.72000122070312,69.36000061035156,69.5458984375,215800.0
RBC,2019-01-02,70.8499984741211,68.63999938964844,70.25077819824219,340300.0
RBC,2019-01-03,70.6500015258789,68.06999969482422,67.66949462890625,211600.0
RBC,2019-01-04,71.18000030517578,68.8499984741211,70.5684814453125,382700.0
RBC,2019-01-07,72.0999984741211,70.4000015258789,70.50890350341797,119700.0
RBC,2019-01-08,71.61000061035156,70.5,70.75711059570312,415800.0
RBC,2019-01-09,72.06999969482422,70.37999725341797,71.25350189208984,261300.0
RBC,2019-01-10,72.3499984741211,71.33999633789062,71.80948638916016,190200.0
RBC,2019-01-11,72.08000183105469,71.30000305175781,71.11451721191406,219800.0
RBC,2019-01-14,72.05999755859375,71.26000213623047,70.95567321777344,330400.0
RBC,2019-01-15,72.12000274658203,70.5999984741211,71.55135345458984,137600.0
RBC,2019-01-16,73.22000122070312,71.9800033569336,72.46472930908203,157200.0
RBC,2019-01-17,75.22000122070312,72.4000015258789,74.09292602539062,349900.0
RBC,2019-01-18,76.26000213623047,74.6500015258789,75.67149353027344,257000.0
RBC,2019-01-22,76.05000305175781,73.9000015258789,73.61638641357422,260400.0
RBC,2019-01-23,75.16000366210938,73.69000244140625,73.8447265625,258100.0
RBC,2019-01-24,75.12999725341797,74.02999877929688,74.05320739746094,203600.0
RBC,2019-01-25,76.16000366210938,75.3499984741211,75.22472381591797,99500.0
RBC,2019-01-28,75.55999755859375,74.33999633789062,74.3609848022461,170100.0
RBC,2019-01-29,75.81999969482422,74.98999786376953,74.79782104492188,200200.0
RBC,2019-01-30,76.80000305175781,74.61000061035156,75.93954467773438,174200.0
RBC,2019-01-31,77.20999908447266,75.83999633789062,76.20760345458984,179200.0
RBC,2019-02-01,77.4000015258789,76.22000122070312,76.53522491455078,196700.0
RBC,2019-02-04,79.16999816894531,77.01000213623047,76.83306121826172,275200.0
RBC,2019-02-05,84.44999694824219,78.25,81.50917053222656,621600.0
RBC,2019-02-06,82.91000366210938,80.22000122070312,79.87104034423828,481900.0
RBC,2019-02-07,81.16999816894531,79.98999786376953,80.3972396850586,294400.0
RBC,2019-02-08,81.30000305175781,79.91999816894531,80.1291732788086,170000.0
RBC,2019-02-11,80.87000274658203,80.0,79.97032928466797,140600.0
RBC,2019-02-12,82.95999908447266,81.22000122070312,81.68787384033203,123600.0
RBC,2019-02-13,83.37000274658203,82.18000030517578,81.78715515136719,204200.0
RBC,2019-02-14,83.29000091552734,81.75,82.06514739990234,269300.0
RBC,2019-02-15,84.33000183105469,83.05999755859375,83.35578155517578,162500.0
RBC,2019-02-19,84.05000305175781,82.80000305175781,83.17708587646484,152200.0
RBC,2019-02-20,84.56999969482422,83.76000213623047,83.59405517578125,213700.0
RBC,2019-02-21,84.62999725341797,83.20999908447266,83.50471496582031,179900.0
RBC,2019-02-22,84.97000122070312,84.08999633789062,84.03089904785156,165700.0
RBC,2019-02-25,85.48999786376953,84.58999633789062,84.01103973388672,117900.0
RBC,2019-02-26,84.5,83.0999984741211,82.5913314819336,196100.0
RBC,2019-02-27,84.08999633789062,82.86000061035156,82.95866394042969,208300.0
RBC,2019-02-28,84.0199966430664,82.72000122070312,83.1572265625,191000.0
RBC,2019-03-01,84.73999786376953,83.62999725341797,83.56427764892578,160600.0
RBC,2019-03-04,84.70999908447266,83.16000366210938,82.94873809814453,160600.0
RBC,2019-03-05,84.33000183105469,82.69999694824219,82.16442108154297,136500.0
RBC,2019-03-06,82.87000274658203,80.44000244140625,80.05967712402344,561400.0
RBC,2019-03-07,80.83000183105469,78.93000030517578,79.48384857177734,216800.0
RBC,2019-03-08,80.33000183105469,79.08999633789062,79.46399688720703,116300.0
RBC,2019-03-11,80.63999938964844,79.80000305175781,79.94053649902344,188900.0
RBC,2019-03-12,81.44000244140625,80.1500015258789,80.11924743652344,169600.0
RBC,2019-03-13,81.73999786376953,80.48999786376953,80.90355682373047,249800.0
RBC,2019-03-14,81.80999755859375,80.37000274658203,81.03262329101562,177000.0
RBC,2019-03-15,82.47000122070312,81.41000366210938,81.20140075683594,463700.0
RBC,2019-03-18,82.73999786376953,81.72000122070312,82.1048583984375,188400.0
RBC,2019-03-19,83.6500015258789,81.95999908447266,81.5588150024414,454000.0
RBC,2019-03-20,83.41999816894531,81.76000213623047,81.90629577636719,290300.0
RBC,2019-03-21,84.02999877929688,81.9800033569336,83.08773040771484,164900.0
RBC,2019-03-22,83.08999633789062,80.7300033569336,80.16888427734375,147800.0
RBC,2019-03-25,81.2699966430664,79.79000091552734,79.71220397949219,321200.0
RBC,2019-03-26,81.25,79.30000305175781,79.17608642578125,241200.0
RBC,2019-03-27,80.41000366210938,79.41000366210938,79.52356719970703,122000.0
RBC,2019-03-28,80.94000244140625,79.91999816894531,80.43019104003906,126900.0
RBC,2019-03-29,81.94000244140625,81.05000305175781,81.56595611572266,243200.0
RBC,2019-04-01,83.79000091552734,82.30999755859375,83.37919616699219,229400.0
RBC,2019-04-02,83.87000274658203,83.04000091552734,83.44893646240234,101600.0
RBC,2019-04-03,84.5,83.23999786376953,83.18989562988281,195600.0
RBC,2019-04-04,84.04000091552734,83.3499984741211,83.72789764404297,181500.0
RBC,2019-04-05,84.93000030517578,84.08000183105469,84.30574035644531,77800.0
RBC,2019-04-08,85.37000274658203,84.0199966430664,84.86366271972656,107900.0
RBC,2019-04-09,85.19000244140625,83.38999938964844,83.38915252685547,140900.0
RBC,2019-04-10,83.94000244140625,83.12000274658203,83.35926818847656,167400.0
RBC,2019-04-11,84.19999694824219,83.5,83.29949188232422,351800.0
RBC,2019-04-12,84.88999938964844,83.66000366210938,83.69800567626953,334800.0
RBC,2019-04-15,84.41999816894531,83.16999816894531,83.03048706054688,268900.0
RBC,2019-04-16,84.94999694824219,83.69000244140625,84.49503326416016,208100.0
RBC,2019-04-17,85.83000183105469,84.37000274658203,84.15629577636719,213300.0
RBC,2019-04-18,85.20999908447266,84.33000183105469,84.37548065185547,312300.0
RBC,2019-04-22,84.51000213623047,83.91999816894531,84.04670715332031,58200.0
RBC,2019-04-23,85.02999877929688,83.83999633789062,84.02677917480469,175100.0
RBC,2019-04-24,85.18000030517578,84.19999694824219,84.36551666259766,207600.0
RBC,2019-04-25,84.44999694824219,82.11000061035156,81.83494567871094,129200.0
RBC,2019-04-26,83.44999694824219,82.04000091552734,82.94082641601562,201400.0
RBC,2019-04-29,85.08999633789062,83.0999984741211,84.58470153808594,206600.0
RBC,2019-04-30,85.44999694824219,83.77999877929688,84.76403045654297,211700.0
RBC,2019-05-01,85.76000213623047,84.19000244140625,84.10648345947266,148400.0
RBC,2019-05-02,85.1500015258789,83.87000274658203,84.74410247802734,248700.0
RBC,2019-05-03,87.30999755859375,85.70999908447266,86.9359359741211,212100.0
RBC,2019-05-06,86.9000015258789,85.0,85.84998321533203,204200.0
RBC,2019-05-07,86.0,82.5,83.01056671142578,249300.0
RBC,2019-05-08,83.12999725341797,81.37000274658203,81.50617218017578,242400.0
RBC,2019-05-09,81.66000366210938,79.54000091552734,81.20729064941406,184900.0
RBC,2019-05-10,81.30999755859375,78.81999969482422,80.04163360595703,188300.0
RBC,2019-05-13,78.68000030517578,75.88999938964844,76.14615631103516,303700.0
RBC,2019-05-14,77.05999755859375,75.97000122070312,76.32548522949219,313700.0
RBC,2019-05-15,77.33000183105469,75.4800033569336,76.853515625,129300.0
RBC,2019-05-16,77.76000213623047,76.44999694824219,76.34541320800781,172700.0
RBC,2019-05-17,76.30999755859375,75.20999908447266,75.16979217529297,171600.0
RBC,2019-05-20,75.81999969482422,74.77999877929688,75.0701675415039,180000.0
RBC,2019-05-21,76.43000030517578,75.5,75.76757049560547,239000.0
RBC,2019-05-22,76.29000091552734,75.45999908447266,75.7177505493164,166300.0
RBC,2019-05-23,75.30999755859375,74.30999755859375,74.5521011352539,239200.0
RBC,2019-05-24,75.70999908447266,74.30999755859375,74.24324798583984,120200.0
RBC,2019-05-28,74.93000030517578,73.58999633789062,73.4262924194336,189100.0
RBC,2019-05-29,74.5199966430664,73.0999984741211,73.6853256225586,221300.0
RBC,2019-05-30,74.93000030517578,73.69000244140625,74.22332000732422,237800.0
RBC,2019-05-31,73.91999816894531,72.0,72.43000793457031,388800.0
RBC,2019-06-03,74.18000030517578,72.63999938964844,73.22703552246094,236000.0
RBC,2019-06-04,77.0999984741211,74.5,76.56459045410156,244900.0
RBC,2019-06-05,77.48999786376953,75.94999694824219,76.21589660644531,379400.0
RBC,2019-06-06,77.11000061035156,75.51000213623047,76.60444641113281,160500.0
RBC,2019-06-07,78.54000091552734,77.05000305175781,77.7103271484375,171400.0
RBC,2019-06-10,79.86000061035156,78.47000122070312,79.2645263671875,184700.0
RBC,2019-06-11,80.0,78.8499984741211,78.90586853027344,234900.0
RBC,2019-06-12,79.94999694824219,78.72000122070312,79.653076171875,272900.0
RBC,2019-06-13,81.19999694824219,79.4800033569336,80.41026306152344,496100.0
RBC,2019-06-14,80.48999786376953,79.20999908447266,79.20475769042969,278000.0
RBC,2019-06-17,79.4800033569336,78.52999877929688,78.33798217773438,232800.0
RBC,2019-06-18,80.55999755859375,78.7300033569336,79.53353118896484,196100.0
RBC,2019-06-19,80.27999877929688,79.5,79.69293212890625,183900.0
RBC,2019-06-20,81.5,80.30000305175781,80.94825744628906,234400.0
RBC,2019-06-21,81.4800033569336,80.05000305175781,80.8984375,509200.0
RBC,2019-06-24,81.36000061035156,80.16999816894531,80.06156158447266,293100.0
RBC,2019-06-25,80.75,79.91999816894531,79.653076171875,200000.0
RBC,2019-06-26,81.0199966430664,79.83000183105469,80.47999572753906,255100.0
RBC,2019-06-27,81.41999816894531,80.51000213623047,80.7300033569336,219000.0
RBC,2019-06-28,81.9000015258789,80.79000091552734,81.70999908447266,340300.0
RBC,2019-07-01,83.08000183105469,81.69000244140625,82.11000061035156,228400.0
RBC,2019-07-02,82.13999938964844,80.80000305175781,81.18000030517578,213300.0
RBC,2019-07-03,82.04000091552734,81.08999633789062,81.91999816894531,91100.0
RBC,2019-07-05,82.0,80.1500015258789,81.48999786376953,149000.0
RBC,2019-07-08,81.47000122070312,80.69999694824219,81.0,204800.0
RBC,2019-07-09,81.0199966430664,79.93000030517578,80.16000366210938,245800.0
RBC,2019-07-10,80.66999816894531,79.08000183105469,79.75,233100.0
RBC,2019-07-11,80.11000061035156,78.66000366210938,78.93000030517578,283500.0
RBC,2019-07-12,81.16000366210938,79.33000183105469,80.77999877929688,182900.0
RBC,2019-07-15,80.94000244140625,79.93000030517578,80.36000061035156,279600.0
RBC,2019-07-16,81.73999786376953,79.80000305175781,81.6500015258789,181100.0
RBC,2019-07-17,81.77999877929688,80.55999755859375,80.62000274658203,288900.0
